# mf_rate
1.991479311655135949e-05
1.671308648217677747e-05
4.517107897460875197e-05
1.117683932929038504e-04
2.768819429145982964e-05
1.614027274175339470e-05
6.318285700966139688e-07
1.357638466243899240e-06
2.596088889857046424e-04
1.038296923570348205e-04
7.548429817969225231e-05
1.232466376358859917e-04
9.244188581394867279e-05
6.778845048337378456e-05
1.136396705442109913e-03
5.439004159382884165e-04
3.790104950942382911e-07
5.444505139802041981e-07
2.248843764996297757e-05
1.129345958078997922e-05
1.450409094895589756e-04
2.124825232185532844e-04
2.225240665468241350e-04
4.672784245316586411e-05
3.605781428740794997e-04
2.548231790553140289e-04
1.653018831317386317e-04
3.936351108237926694e-04
2.478993266014836976e-04
4.843721559511431703e-04
6.860052344297586752e-05
1.504885063649439257e-04
2.500009489016139191e-04
2.584657939279078856e-04
1.557321665306653146e-05
1.639981158974246030e-04
2.306732482990100203e-05
1.572048983282467048e-05
1.543579918310395528e-05
1.537738352316311651e-05
5.108193604428838626e-05
2.970287349391660328e-05
1.644258380534381272e-05
3.287506732777887675e-05
1.192149743655742448e-05
6.976790942976089662e-06
2.070110900178194591e-05
9.797520391227456049e-06
2.225046297919476538e-05
2.520282824304216740e-05
7.060500081405291894e-05
7.543886134782703959e-05
1.465074314118757718e-03
9.738762496322800550e-04
6.494174745494688461e-04
5.403464625433829693e-04
3.779091745700845738e-03
5.923709853530149429e-03
4.682863667220708371e-04
1.033625696955802652e-04
8.954861735011889184e-04
2.903602241177873490e-04
8.989185974373228546e-06
1.481306352195850991e-05
9.379576464129162766e-03
7.137616674565621516e-03
1.518995578539086670e-02
2.968566673706292749e-03
3.264934122500198397e-04
3.253704291803363540e-04
1.467798852148396310e-03
1.826694658122238364e-03
7.758837879056732119e-04
4.719741446203011451e-04
2.957632726707693123e-04
5.661929519289890609e-04
1.144817254365863889e-03
1.671420678460463658e-03
4.850457464476178298e-04
8.838951050416732694e-04
1.565338554432800080e-05
3.541094960018403018e-05
2.084305466330495975e-05
6.659134890827826949e-06
4.780281972955017823e-06
2.954454077613477935e-05
1.652928658470200472e-04
1.160115808039109990e-04
6.625239282265767778e-05
8.988548962018945529e-05
1.273310998880613143e-04
1.889732128431911460e-04
7.465402992727805664e-04
1.051788381335784896e-03
9.512803341247378459e-06
8.328910258492245808e-05
5.318039279743962903e-04
8.818062556704348628e-04
2.778896797084131655e-03
4.832811565247173945e-03
7.513505981387801937e-03
3.787486358026431917e-03
1.428948392847502989e-03
4.347046815166201277e-03
3.516180261646721910e-03
3.285020590366356536e-03
2.637453858199034946e-03
3.074539328704258955e-03
2.182692573418020063e-03
7.947622017913817671e-03
7.850992852440704176e-03
6.982221953637532050e-03
9.871577694077692487e-05
4.208038028494070077e-05
2.437234589227868953e-05
4.335673041545093088e-05
8.665383284325825118e-05
2.056670084275771392e-04
1.726169498887941234e-06
3.568219644460623813e-06
6.696898019146838585e-04
1.104763588441425503e-03
1.612277665423918075e-03
9.595474836444939674e-04
9.873483831012227086e-04
8.030026269880244675e-04
2.926003098807419540e-04
1.829946443223553609e-04
1.349251710386282067e-04
5.620321488810508273e-05
3.345047868163725886e-04
3.638770857739302483e-04
2.854788254432036234e-04
3.121965876226411290e-04
2.311491314661458298e-05
9.991827260927097027e-06
4.157568578697954189e-04
3.581715177194514667e-04
7.955018561986656762e-04
1.039713234842813867e-03
2.023611194067522769e-04
3.563907142925614135e-05
2.195126039675227448e-04
2.985750962211209487e-04
4.125039401275358694e-04
4.646410983791502162e-04
1.507964043560166851e-04
1.528921219535040571e-04
3.726873229091775836e-03
2.472339178330946411e-03
2.085718406677230380e-03
2.905568587853099832e-03
6.273217200966012914e-04
2.718932427146342461e-03
1.291449184438572557e-03
4.324491428971634008e-04
1.499426295004671617e-03
2.201473545119831451e-03
1.025470150422560373e-03
1.111980380768231007e-03
2.637614107215735786e-03
5.704026594634829285e-03
1.188610760584522059e-04
1.300287643509635675e-04
2.838079692832888579e-03
3.661885270315420795e-03
4.697135352432707869e-03
1.026093157719676179e-02
1.745667457488837363e-05
6.430743328742710410e-06
1.051384826889924088e-04
5.280089155634446022e-05
2.534658110195051398e-03
3.468100502650992012e-03
8.519632217751005234e-04
6.213372112667077049e-03
6.425048197830122119e-04
2.106510119331491109e-03
1.982809054688158389e-03
7.254708364159980719e-04
9.118214763663803121e-04
1.086746335458069071e-03
9.903836918829091000e-05
7.934755367854540598e-05
2.448105677198353581e-07
1.462432742663085178e-07
2.275825058941020501e-06
9.536695832208462239e-07
3.200742177117505360e-05
7.765205793213931834e-05
2.731443994791301808e-04
1.364520582809687155e-04
1.069897910040484845e-02
8.068940270650130919e-03
4.395783319682213322e-03
4.740503711329745185e-03
1.290868541265030112e-03
2.430347465438595020e-03
9.135491240112119347e-04
7.355862902369385281e-04
8.219641088615606956e-05
2.462165642764339236e-05
2.445899439022042755e-03
1.183714636392389514e-03
1.670843284901528457e-04
1.422199598721391985e-04
3.100193679431625655e-04
7.767836364071408189e-04
1.747884120260285580e-05
4.191272366874607181e-06
2.358979649588187095e-04
5.575285588423018130e-04
3.472871817772141820e-05
6.769071195259251299e-05
9.213690237857799191e-06
1.644249447272547014e-05
3.359293965742924499e-05
3.965618653921080985e-05
1.398877341435002548e-05
1.406022571534610752e-04
4.324045914635685949e-05
8.314325320649305841e-05
1.361791994393401226e-04
9.417189595480931618e-05
5.005099760890768627e-03
1.362661225658936756e-02
6.528420031597574440e-03
6.214645715161680288e-03
3.876942622679340465e-04
3.206742046368291966e-04
2.475789245298514732e-04
1.558038758045709137e-04
7.341733567919991971e-06
2.921236834862964108e-05
1.257509082445860331e-04
1.421946191694508461e-04
7.934924382018963438e-04
6.876191122496205050e-04
1.545447965934745090e-03
2.050815176348501877e-03
4.139563387324332946e-03
4.353235882237435454e-03
6.426328174122344396e-04
8.068692067991537452e-04
4.911953661052565053e-04
8.888734728118366513e-04
1.207426242780659315e-04
2.338358724602424520e-04
5.899664233561578925e-04
9.677939743524837822e-04
2.006337686521958224e-04
1.504881464156140349e-04
7.674344383805621009e-04
2.019789012050348428e-04
1.107301411125651469e-04
9.312531034288444782e-05
9.357985098906746596e-03
1.331946049455836126e-02
5.563852570072547535e-03
4.730104418794260288e-03
2.593939026880829886e-04
2.283805267844942865e-04
1.322220918253674685e-04
2.659860389421624940e-04
7.997722626273220427e-04
1.173502811852352584e-03
1.471327721792604036e-02
6.507576922295530905e-03
7.054859367039903592e-04
7.576952557649757830e-04
7.002981705388986941e-03
3.038560403574039684e-03
4.123538362295590281e-04
7.036740480531162537e-05
6.283696139663304432e-03
4.717884825905865713e-03
1.253965807100542113e-03
9.271845198127150666e-04
3.486600408492799446e-04
5.393204535546653892e-05
1.396506139068500798e-07
2.113281416057887326e-07
7.818006457824064342e-07
6.496292187774856096e-07
4.946095587159501537e-06
1.363166277839148565e-05
5.739708002244747596e-05
1.046749664113833164e-05
6.207946959924838396e-04
1.268550898038687267e-03
2.327773658533519716e-05
2.916902818993067007e-05
5.073741999048791604e-05
2.031030284894652324e-05
3.444446972481193461e-05
2.880104526180260756e-05
1.297667782606602158e-05
4.178349199757874153e-05
1.141169472229996924e-04
9.374345902030956892e-05
1.383267239855096758e-04
1.170983498687724856e-04
4.360228391594583863e-04
9.298406172735364586e-04
1.454918045637163839e-04
1.960832945428469805e-04
6.465073712536641452e-04
5.558869521806441292e-04
3.436803201637840641e-04
1.246016975761778469e-04
9.845425047664691355e-05
7.150540503611577234e-05
3.426748285955285135e-04
4.922666234631647682e-04
1.241382630543781997e-05
3.691863149127853411e-05
4.298019780483386398e-03
7.583350404629942386e-03
1.316807671193408278e-04
2.778351107989399408e-04
2.211432410170177058e-03
1.782934516971251089e-03
1.984260060373561896e-03
1.825213939261541816e-03
1.905943981561029508e-03
2.418321526720831199e-03
3.379111189841472801e-04
1.187092979146891223e-03
5.054667899479071784e-05
1.773965234976338464e-05
6.262945599813429164e-06
4.195883510458979661e-06
1.316725163384319889e-03
4.721891291188170668e-04
3.877283849851112800e-04
1.134534589205253357e-03
1.194985352032507863e-06
3.993140066808511804e-06
2.366244556694159669e-05
3.365883772227977813e-05
1.388832269346519969e-04
8.885342907464052102e-05
4.933017831690860594e-05
8.670091424036408467e-05
9.348184278158308232e-05
9.141970397291813999e-05
7.391832707876713933e-05
3.884050044662224686e-05
1.452482665458384240e-07
3.575951697589383157e-07
2.621922219933174469e-07
3.904673783429783507e-07
5.247090571114069058e-04
1.350088215323111277e-03
2.611348239876483670e-05
5.563050780144601474e-05
2.233119394257728938e-05
5.616111287701226848e-05
5.415985108031786863e-05
2.232972818134109117e-05
1.424645435555380057e-04
1.020392865162563075e-04
7.283941471758860024e-07
2.576736017829885117e-06
2.428417075833436741e-03
5.347213244941803785e-03
2.312500706035156874e-03
7.410752171259827768e-04
2.675527475943674689e-03
2.146842889604025362e-03
1.418959052580107605e-03
3.579679744986679225e-03
1.097284246950024631e-04
6.934221564741378623e-05
4.353484872827511026e-04
5.625322512659169548e-04
2.593199436136544873e-04
2.987085270975782178e-04
7.915016447849164416e-05
7.077879612311637077e-05
5.565842468821120126e-06
1.596655901221031883e-06
6.019458973829750792e-06
1.564821334450944423e-05
7.660624304522807787e-04
4.192373332954400051e-04
3.913175386740586135e-04
7.283628218035107166e-05
3.803756178151770315e-05
4.077501753477633318e-05
3.271314907016257992e-04
5.240114692877333559e-04
7.522808773337701137e-04
1.049603765646676566e-03
4.379497814189536637e-04
2.133027271514212277e-04
1.701298296073810664e-04
2.113414981850476665e-04
3.698014719543096232e-05
4.638049862708898614e-05
8.427063066326325120e-04
6.678032932866548527e-04
1.738234756996831756e-05
2.518118433585200759e-05
2.134103111189669926e-04
1.268822952501340025e-04
1.935803074136323916e-04
1.106469726718649918e-04
1.808806977856054201e-03
6.546599334889351661e-03
8.506668550095664331e-04
3.202458638823159343e-03
2.054123109915013002e-05
2.494976381588356982e-05
2.694537206382407619e-05
3.972872893764406086e-05
1.710105842799898697e-06
1.137075993889241251e-05
3.428375144912351757e-05
5.535718202295949034e-06
1.543339494323587696e-05
3.616074705295772921e-05
1.159158396870824192e-05
6.611519243447147594e-06
6.821535202026575065e-06
5.599258496433346413e-06
1.083254056423547793e-04
4.451426092472408880e-05
2.504279724455245768e-05
1.798108669381660117e-05
7.134825147326324865e-07
4.653921554764860241e-06
2.133675992146496792e-05
1.619672467285558968e-05
4.243808065499172461e-06
3.908165577071604014e-06
7.532407300952702307e-07
1.664819501865413236e-07
8.313710201211189631e-06
2.252499398731771339e-05
9.089159349675318840e-05
9.946829692826793354e-05
1.968629251389634701e-04
1.704868423974342459e-04
5.977027459339019313e-05
5.972105807161266305e-05
6.861352453122054342e-05
7.715947707388550749e-05
1.694714177948959940e-05
5.528656616942355774e-05
1.863183908366617750e-05
2.906591623943291004e-05
1.844914892874014473e-05
4.063931750389538955e-05
1.329065991409151655e-05
4.305435198843067616e-05
1.280742920697772657e-03
1.432844574720496846e-03
1.323266399554269470e-03
3.534895940923871941e-03
5.082138745966045378e-04
4.151303575745587666e-04
3.729188198943022680e-04
5.957113769289986089e-04
1.573141828370925850e-04
1.492407524004905992e-04
2.012737754033210556e-03
8.157805552356010934e-04
3.170307263906547036e-04
3.329909059734052594e-04
1.668788495726446696e-03
2.304739296108768674e-03
1.177054575307045787e-04
1.092595490917353559e-04
2.006467017541952298e-05
2.250016367232456914e-05
9.472069957383486786e-04
3.139285105014830396e-04
7.220083591851549835e-05
2.555620179836365293e-04
7.041679430926299122e-06
2.001841252824708054e-05
9.779454240995493451e-04
3.055873393985959925e-04
2.560095359549773063e-05
4.359750224437057336e-05
3.269913882903277341e-04
5.960426631817158927e-04
5.671910455202041268e-04
1.318394281938221652e-04
8.282445469098758469e-05
3.110825011553735621e-04
8.926135154960341828e-07
5.237287392067114262e-07
1.167330081875431544e-04
4.100181883677658470e-05
1.385282948099816154e-03
6.969725481768922464e-04
1.593369841255949096e-03
6.832071053729569078e-04
1.017182614465519204e-03
8.754462761565274349e-04
8.309208792720510764e-04
3.906260307179036271e-04
2.036008077564713996e-04
4.275585902198123975e-05
9.183469709963492467e-08
1.164244574920076248e-07
2.610177142464867577e-03
8.091822559480211109e-04
3.043963606846794611e-04
9.575594109303937418e-04
3.213147045967212640e-03
2.166702540730568779e-03
3.177357247621431292e-04
7.399122349091251513e-04
1.034730540791815824e-03
2.827464324062832577e-03
1.888134407282954892e-04
1.366507254840225352e-04
2.008115349551847957e-03
4.923900665076062734e-04
8.250602703164319903e-05
3.069932500972847260e-05
4.584580853724148333e-04
5.322607158872951936e-04
3.909167219580574060e-04
2.519713360416363885e-04
2.052970130855080966e-06
1.230470929896586295e-06
3.200523834363319794e-04
1.271047527966902540e-04
5.895374049779285422e-05
7.775009355751910558e-05
3.121327366769016762e-05
4.920547973519415685e-05
4.815294944411418554e-05
9.122887048007464014e-06
2.384327457460808786e-05
3.117536489637072033e-05
4.562625289311107463e-05
7.146551067766231547e-05
1.001500684574527548e-05
6.506208461332494049e-05
2.714369519951974710e-04
1.203673002745340867e-04
1.067997614140175889e-04
1.044567038592711643e-04
3.488673265488567135e-05
2.917888815891320981e-05
2.043497035569940881e-05
8.313483467729916793e-05
2.615448808221186409e-04
4.789439674791954021e-04
1.382103619375690470e-04
3.987242458816498791e-04
2.461970281689768907e-04
1.643372674573260301e-04
7.540275510987593422e-05
2.287150929450727145e-05
3.832253561163492231e-05
7.901393316160543916e-05
1.839678999662631563e-04
2.463684786815813080e-04
2.534868883491724607e-06
1.168392208131654130e-06
4.315715054306714830e-05
3.577463072329070025e-05
1.375740004437417377e-05
3.898713484705773938e-05
3.145614648537490801e-05
5.281723354123910150e-05
1.839824503335521207e-04
9.899550342740535025e-05
1.384393668342899888e-04
8.598087208609265792e-05
1.643353168752387239e-02
1.029969039249542528e-02
2.088658610530673074e-03
2.702675123731418643e-03
1.470817746655589051e-03
1.626596592520359718e-03
5.058587797127915998e-04
5.478598116054553008e-04
1.737916884301200565e-03
1.068428452946322332e-03
7.879788889500403655e-04
7.337703517210015158e-04
4.538409326073583692e-04
4.542502944428827372e-04
3.748538403060369629e-04
4.057518215039118106e-04
1.425800892122585728e-03
5.682163782750303000e-04
2.296577452802086791e-02
2.240184125599089041e-02
5.214970926501072239e-03
9.133457630794726556e-03
7.812459526397774225e-03
1.902616536866508917e-02
1.739046965683417080e-03
1.205453058653433666e-03
3.383696596384271234e-03
2.808840260704129239e-03
3.721576722828727424e-06
3.837908033065733937e-06
9.341652051378812214e-04
1.005546909053122882e-03
2.288533213382272190e-06
1.890972514566166575e-06
4.037553541247761169e-03
2.248055097912293396e-03
4.952654876887366666e-04
2.187333074891798781e-04
2.515357857081367866e-03
5.846735429540405237e-04
2.193676738458352391e-04
3.721060096735974584e-04
8.095981175468587717e-04
1.213077230770379274e-03
8.670012245369370599e-04
9.230939185685603466e-04
3.973289670980101416e-04
3.207427853216504284e-04
1.409576709598014371e-05
1.201844504990931553e-05
1.334129679731867221e-05
1.391744975653107230e-05
2.280849568789388847e-04
1.289855808450300590e-04
8.799610347097518506e-05
6.065402513974717588e-05
3.493806744773041866e-04
7.160034575542465482e-04
2.165639543666545721e-04
4.486636358217293836e-04
5.433808406534152520e-04
1.223271724310333883e-03
1.214197183566821740e-04
1.968198245330960024e-04
5.495837973300025047e-05
2.339778951713284609e-04
6.559405748861129280e-05
2.640479482855951233e-04
1.200027208609547301e-04
1.191794550276287272e-04
5.876290652933853167e-05
9.437567825448711016e-05
5.370127827309834935e-03
6.115054031735339809e-04
1.062474595052631185e-03
6.877384002651056949e-04
8.054338887853888579e-05
3.727363800923264589e-04
1.495025227938076676e-05
2.997438473496159627e-05
6.466742452695988701e-04
2.205780187823592412e-04
2.154461005857825386e-03
4.185782564545143143e-03
9.747902450256300255e-03
7.579125228018262182e-03
3.543026588014347184e-03
2.020939647310969391e-03
4.446894813640003201e-04
4.478598463079857910e-05
7.432349788878721882e-04
4.257226324070907393e-04
3.379346817393018930e-06
1.478410778918200051e-06
1.110636773106503454e-04
1.199333082212874466e-04
3.370806985229421438e-04
3.052676240787066436e-04
2.813240163614711569e-04
3.093307825467340316e-04
1.101049450604350919e-03
2.960839370186770826e-03
5.102907563071244258e-05
1.210894593180587316e-04
8.927488961286998215e-05
5.845451543143717545e-05
1.449071871111729372e-04
2.042086880683018730e-04
2.496614538316405727e-06
3.054146325520762128e-06
2.101293385487666576e-05
7.436059403299880217e-06
1.901987286178939015e-05
5.713905091209888057e-05
1.535138012625838084e-05
1.582973651077093034e-05
2.578727817697837560e-05
4.870195201011367938e-05
7.087050669543188644e-05
1.835847399401822422e-04
3.792877927035223054e-04
8.424141092127925522e-04
9.590572996173663206e-04
7.867443229675853212e-04
1.718703353927113718e-04
1.700525206962730902e-04
1.701883010169454778e-05
7.703601897661586757e-06
5.099245953613428320e-03
6.236272717886107500e-03
3.248570973054710912e-04
2.031869159767987255e-04
1.056401778705461873e-03
9.638950615358486684e-04
1.279559272900118293e-03
1.263205751782207117e-03
8.589665958670893555e-04
2.500299958462898556e-03
1.979931190280120965e-03
2.859265762765061773e-03
2.179406033723594281e-03
3.646962585045995277e-03
2.405864813502824853e-04
1.636762668333119797e-04
2.334991127860658279e-04
2.614225319984871251e-04
1.878966862626757603e-04
4.297496040730914017e-05
1.227488902693956905e-04
1.656718428994840631e-04
3.207701532163076494e-03
1.334487031971346663e-03
4.229794673191880432e-04
6.720707066471831321e-04
6.977796830595747648e-04
2.996511054031693821e-04
2.084744395291623302e-04
1.331190206568929550e-04
2.000816369337450151e-04
3.497803362196838235e-04
8.507979761986193964e-06
6.357510834055567721e-06
2.639180690046454117e-05
1.038860664618984350e-05
8.950889782381252083e-04
1.100224891860023891e-03
2.409731175145314022e-04
6.813231193341079796e-04
1.182542492385671613e-02
8.804214861748040424e-03
7.269946144877510383e-03
1.766690235519546154e-03
3.670852320452295072e-04
1.425999561340777903e-04
1.545083990826816994e-02
1.437862802014030312e-03
2.833768444064608399e-03
4.564433520374147971e-03
3.263221092474637066e-04
1.022173636582976572e-03
1.617798830616904457e-04
1.331831022912398387e-04
2.214679774995917535e-04
2.218481768164234219e-04
1.699245325372046090e-04
2.264301612464993737e-04
3.841500926628701475e-04
4.581358710611354158e-04
2.152372794981611192e-05
1.776395059523100211e-05
5.498868386737572865e-05
1.156557308661843215e-05
3.434427575336997595e-05
3.402418173823399782e-05
2.247458185721253835e-03
1.087235537047487408e-03
2.261527350100433337e-04
8.297288690859521386e-04
4.222836400333511561e-04
1.637473707231078138e-04
4.787581765249585903e-05
1.502784503880761419e-05
6.780089370089501574e-04
9.687819589372738188e-04
6.964538070886981333e-03
3.566091557623711928e-03
1.553816536785945519e-03
9.503737487214192550e-03
2.063093911203210326e-03
1.358572457411284145e-03
3.796040619925170425e-04
7.524666280730752397e-04
2.021361699465032175e-04
1.313597317253380149e-03
3.643960924284460941e-04
3.094345695224820503e-04
1.990465763596428565e-03
2.436977393890262748e-03
1.319427718599922843e-05
3.630723081459473448e-06
1.308188495017386407e-04
3.763518511048375288e-05
2.691509953447817141e-03
6.145839815415958659e-04
3.011285874113910207e-04
1.037020865344947000e-03
2.574112689805925524e-04
1.394275550389813473e-04
3.514406613979067107e-03
3.724688795153489797e-03
2.460753932098256203e-03
1.551889564409899549e-03
6.149850224302283236e-04
8.274217769114269611e-04
1.468035217330251202e-04
3.306237411452485754e-04
4.744113564599728079e-04
1.561488790682750917e-04
9.017447723384931866e-04
8.792645812053039803e-04
2.366101753594169470e-06
1.187848922879172652e-06
1.526959037622251060e-05
4.901880156823726876e-06
1.616196691277886781e-05
2.180494341752042177e-05
2.099395042275508229e-04
2.973868618387770632e-04
1.446496099429918694e-04
2.405785517172338557e-04
1.437695965769755085e-04
1.014395347198112377e-04
1.219629332537549784e-04
2.513821348345451402e-04
9.502572189365766919e-04
5.165677125451811728e-04
3.686618898775327179e-04
4.335386136763094982e-04
1.412082746235173531e-03
3.651347022640654642e-03
2.705372211046666074e-05
4.798432092594833917e-05
2.017366729795006799e-04
2.378523035255881936e-04
1.221148293830475004e-04
1.555525235847321475e-04
5.527599391404534011e-03
4.369818040238007510e-03
3.903222202661432369e-04
2.716329082811690847e-04
1.164519607222474053e-03
1.581846885099375986e-03
6.480024039288730282e-03
5.242593814054607830e-03
2.983112927491631677e-03
1.310439879807371970e-03
4.981192461233348127e-03
6.114716851253648375e-03
5.129134484766432328e-04
1.509964284056509141e-03
2.341592189126914195e-03
4.349250871615153134e-03
4.372119414518865679e-04
1.131238524525432108e-03
8.882716827152273894e-04
4.843718498778426767e-04
1.038743422039591817e-03
2.077072256885282697e-03
3.458615424670881313e-03
1.310767764749904470e-03
5.665472500257941852e-05
1.770859253352022908e-04
3.001257677360513721e-05
7.281453851524710892e-05
1.562324333337707127e-04
4.966243212075839488e-04
5.300266678447185026e-04
1.153313763616909500e-03
1.937658910459289213e-03
1.780599326617839009e-03
3.184739536187281982e-04
1.298363672984180343e-04
3.288190982814604411e-04
1.676965481921683212e-03
1.005618299160348193e-03
2.585071733454762186e-03
2.206224591728239877e-03
1.811020216700911546e-03
3.498938555594598588e-04
1.253771013744719868e-03
1.192700179672737939e-03
7.362344840569760331e-04
1.209145010689982250e-04
1.855569403739940840e-04
4.761771387933108200e-04
3.436520256265882087e-04
8.641082808877835605e-05
1.775478232142136607e-04
4.470867631368680649e-04
2.943660314392139237e-04
7.492325364058451766e-07
1.218773577323961997e-06
5.800881072117077495e-07
1.030486660423663029e-06
1.389942634932078963e-06
2.562653508977172738e-06
3.815751945204776482e-07
2.973605645359446837e-07
2.604318472029628715e-08
3.222809150805066784e-08
7.368870990676747441e-07
2.441934814101444208e-06
4.830815968963617596e-06
8.585760481302562847e-06
1.931663251349874438e-08
6.071438066191643668e-09
2.001643618445788587e-07
4.491565353536466420e-07
2.156255499293574464e-05
9.285569640257600152e-06
3.436504843461074695e-06
1.456046699499203323e-06
6.380534469334354753e-07
1.070849891251074765e-06
5.002730233251377629e-06
8.052709038678334437e-06
1.135279740320129269e-06
7.252175262719775185e-07
8.109658072944938726e-07
6.546576811104654501e-07
3.363840003994758711e-06
2.430730379642228064e-06
4.911659664224121664e-06
5.690770961216514977e-06
3.316880569565603377e-06
5.249585152948563427e-06
4.636009780536335317e-05
5.141965616684251024e-05
1.092280171913800183e-05
5.290832353687932382e-06
1.004499436847290471e-04
1.831792135186729596e-04
4.455528635595423076e-05
3.408661622488307703e-05
1.936404460098032504e-05
3.764675243559450834e-05
2.985772664169540811e-05
2.491753936078336013e-05
4.431673848572861366e-06
1.611036682807305183e-06
4.440599600915240617e-07
1.675783864469467193e-07
1.853710670903431799e-05
1.436896222325300266e-05
6.873394562550787289e-07
4.063050674261907365e-06
1.825589170014620461e-06
5.271560365842396888e-07
6.202277964782578188e-07
4.874315060306549973e-07
5.369105028640621185e-06
6.975655412846917343e-06
1.674508741986626799e-06
1.818651919657790563e-06
6.531463997622430947e-05
1.257273150424451793e-05
1.001808451111624902e-06
2.452490865790477008e-06
8.850187065939565335e-07
1.604932169262954277e-07
3.051429569378052959e-06
3.863627498493039414e-06
2.434357254053373650e-07
4.240968410560225156e-06
2.695682762011280273e-04
3.184024570135447161e-05
3.995438730861474260e-05
1.244638434420929668e-05
1.703628002057673435e-05
6.100604043759625959e-06
4.337110399366583447e-07
3.597005073346581227e-07
9.859347983657644726e-06
1.415378641345802170e-05
2.176543024051170067e-05
1.515860035752915370e-05
1.498195422556512869e-05
1.277536847723377729e-05
1.061686453484566609e-07
8.841905932878485949e-08
2.038054236876447360e-07
2.318692195570458413e-07
9.569221681326160820e-08
3.090818027360205289e-07
3.381381981960314955e-09
4.559031202648035607e-09
8.593271677776408209e-06
9.226751452906902908e-06
2.498149560278958924e-06
3.476810927915404431e-06
9.797403629634120977e-07
8.350309766246199627e-07
8.243360552812294620e-07
9.364134239234870225e-07
2.388408498611444274e-06
3.999453777819323885e-06
4.377409465572595687e-05
2.978308073637672376e-05
5.689044547626301240e-06
3.012298588850120199e-05
1.572589577802465861e-06
6.687199766942866576e-06
2.782551570795615889e-05
6.716063237914500798e-05
1.039245143960861950e-04
1.532333322045946315e-04
5.021910724614791084e-05
1.223117722964687756e-04
4.807900550494219669e-05
9.899539857003302639e-05
1.429919197388557446e-05
1.655651025111538264e-05
4.730333805733913187e-05
7.880300916698453821e-05
2.106320536725234623e-05
3.789877115912231292e-05
6.767767609863086287e-06
3.333876572136606613e-06
