# mf_rate
8.274216985888707568e-05
4.629127846552302783e-04
3.374078158144160934e-04
2.643593786065914254e-04
1.935094745263990910e-05
7.307563655569410389e-06
5.939792083795844679e-06
5.824357438095969323e-06
9.333771458270135419e-04
5.411371147688569814e-04
9.426747452623308052e-04
6.325758253951520955e-04
8.608357314202089118e-04
1.012629952941687499e-03
5.782425506133701492e-05
2.383663202191257867e-05
1.815527432545384066e-05
6.971257534716945598e-05
1.047255534353973370e-03
2.379641305784945915e-04
9.677540975910653605e-05
7.615833486887852864e-05
1.074077892471182727e-04
2.303724639194293370e-05
3.034538128155531712e-07
2.245025701986024757e-06
3.126190864244862535e-06
2.376880500145199288e-06
8.338533433192595515e-07
2.530068732237714400e-07
8.331218063904289827e-08
4.239987551367534115e-08
1.191977743610159873e-03
1.002884930282054842e-03
2.183496569365271016e-04
2.421860436835910615e-04
5.335917753630914549e-06
1.854042408285823060e-06
7.942350398448161565e-07
1.503828534857808546e-06
1.679325131075396372e-03
1.052982796483903621e-03
3.419595926812267657e-03
7.149909689325971603e-03
2.952713010545668110e-03
6.362584849407937988e-04
1.301607814726640951e-02
7.792667800431717952e-03
1.211558123497977419e-03
4.727263154207940032e-04
3.513052007003789490e-03
1.756817803882839996e-03
8.577880375285092790e-05
6.830371923366489401e-05
3.736987753700581429e-04
1.751998724696801320e-03
2.489669731273454461e-03
3.051232918896175372e-03
1.600987060564082942e-03
8.119171374326503285e-04
1.195204955105659116e-03
4.748538188753542049e-04
4.791122780810336940e-04
9.900656632746036856e-04
5.666634960739659305e-07
1.495983161636074268e-06
3.189814687058961284e-07
5.819797637471134084e-07
1.152386817721773488e-05
2.088247265306479312e-05
6.227249104640383186e-04
4.199826630346417894e-04
3.352628573065824036e-04
4.538998380848038253e-04
1.376197135848286190e-03
2.369083059379631546e-03
6.997852334569291044e-04
4.707957583590450840e-04
1.690959856527652749e-03
6.030563191136875494e-04
4.347391765734453042e-05
4.889110469001136977e-05
2.738121887845299061e-04
1.983912668493695243e-04
7.856678190945193003e-04
2.536768540399038895e-04
1.924989848704655759e-04
2.337561096400554196e-04
4.641570694729423539e-04
5.787380258263941926e-05
6.187440933214894898e-04
6.170159536136193314e-04
8.147771434781690789e-05
3.964092697603203833e-04
1.976542838842994384e-04
7.382272133489085723e-04
1.323882306752803030e-03
4.951735499301386555e-04
6.221197742401508033e-04
4.620150744967464187e-04
4.118671103208111401e-04
8.046398933654975777e-04
2.224142615388738364e-03
4.980737426946367204e-04
5.596890067776499889e-04
2.669720993022968100e-03
4.212077273608747473e-03
1.997718891390733251e-03
9.834073842104799987e-04
6.060528139832650589e-04
6.698873035594112013e-03
5.924849111121491610e-03
9.017669977932171082e-04
1.370723359771664407e-03
6.392882387409486774e-04
2.467927663137139461e-04
5.607111407619377831e-04
9.304911428975432778e-04
2.639027479487374237e-03
2.018663360370650823e-03
3.610390835647077899e-04
2.106057594199784745e-04
7.739794331900356518e-04
3.323928978805543426e-04
3.054310579663416410e-03
1.735430116658729163e-03
7.328611250578531678e-05
7.786738053253827859e-05
1.002484382667578064e-03
3.439470764318262788e-03
7.973983812759897821e-04
4.416606192395613984e-04
3.312894064701475444e-04
4.367955740655168786e-04
3.948207000994218181e-03
1.963374771483587453e-03
1.528492326258618864e-03
1.487576597044423885e-03
4.347801105055078448e-03
2.082916928900499249e-03
1.043034720947381603e-04
3.335511185490625669e-04
3.576484800662389741e-05
6.398504861000324810e-05
1.361604069859698250e-04
1.020958559155641092e-04
8.808192106479555920e-04
9.367562743165427919e-03
6.317770849546726700e-04
8.651101724370778437e-04
9.008662098756010927e-03
4.252085788039192127e-03
1.153309370480042843e-03
1.942022014373707582e-03
1.149349470051033283e-03
1.569216232659785548e-03
1.139135122558573854e-03
1.624330039292389222e-03
1.417334941228163897e-03
7.134994932286718066e-04
4.264859588880009177e-03
2.872826569377837178e-03
1.927718829661767162e-03
5.730707138407195676e-04
2.168294633672386996e-03
3.557496091844774676e-03
8.711363152726341735e-04
7.561989383974773715e-04
1.359182276856505875e-02
1.149704720181300363e-02
8.612690084483336228e-03
2.137790284657870368e-02
2.912609939351604171e-02
2.344985221996644109e-02
3.342431374014145917e-02
1.840271259105003346e-02
2.257516911848758603e-03
1.479899267519995537e-03
3.863945690998875772e-04
4.386007456276280899e-04
7.952225670214208887e-05
1.201664428170293430e-04
1.495019319056763965e-04
3.528729903293238690e-04
1.461028385645003411e-02
2.846449905166146405e-02
1.331609901830529399e-03
2.251143554529952927e-03
8.376341977112437563e-06
1.673719247667878663e-05
1.805282315556741828e-03
3.663512232083983820e-03
9.960531202052656623e-04
6.664999786583086653e-04
8.627752764368033095e-03
7.391205187671789217e-03
2.654192785459608822e-02
2.039651206109970721e-02
1.583560713259843725e-02
3.961941403182478796e-03
7.640896948449348892e-03
6.260845853304418569e-03
2.110210511351870086e-03
7.843399876481898375e-03
5.985793743634320457e-03
3.079256629421942785e-03
4.398306976055870940e-03
2.651663595002723590e-03
6.088241675050754540e-04
2.504835483334861678e-04
2.720293764019245802e-03
2.341946466443473387e-03
3.521646676951418770e-04
1.704655992803759358e-03
4.493097425742719440e-03
3.316789664738827893e-03
6.098187216562230527e-03
3.961087840800191044e-03
2.561458169031251200e-03
5.241378210133622621e-04
7.845411041859897544e-03
1.945379972817865705e-02
6.654806085453750936e-03
1.780611413980297958e-02
8.042454781301647824e-04
3.297940242209720669e-03
6.577866326248367869e-04
6.896219008877518385e-04
1.431402352651554681e-03
1.777659420318706282e-03
6.058142664533542644e-04
1.941822290264878705e-03
7.525975808799863144e-05
5.228170329492387477e-05
1.097510179741823639e-04
4.888330066560252186e-05
3.252808343434420487e-03
1.115620222645653109e-02
4.227572144247754987e-03
1.402196718869434984e-03
3.431698091379902052e-05
2.823837999766636172e-04
3.800842567767871803e-03
1.574253421560531125e-03
1.944514015659672178e-03
5.316133935088339889e-03
1.158304864498240980e-03
3.702223071217116551e-03
1.883828273628862125e-03
1.508416153248373680e-03
9.528199852607790359e-04
9.600065588981854465e-04
2.533110013239315075e-02
4.632216631453945320e-03
3.611999171852805276e-03
3.225626128270269507e-03
1.898760134612114236e-05
2.253055999109457815e-05
1.955777724414785659e-05
2.193194385833146568e-05
1.525703371786145158e-06
1.313741357773746819e-06
1.099519203556616381e-06
9.731886705404515300e-07
5.213631666278531361e-06
1.966348636837515636e-06
9.726509681779756332e-07
3.266233004316033112e-06
1.685430047006167970e-04
9.345356857306314402e-05
3.848160996341757028e-05
3.955961945373917684e-05
8.947221255424659661e-05
2.770418654529292171e-04
7.432342681768563247e-04
2.842482999454518187e-03
3.098762143930274053e-05
1.264896447749944651e-04
1.364414458504552527e-05
3.617426850353106427e-05
4.129251907658458500e-04
4.822982948850116958e-05
4.962693528182200351e-05
1.184671021917055398e-04
4.834911388881037728e-04
1.435851621742915757e-04
3.163802688171078997e-05
2.659987479990928239e-04
7.872711507231958648e-05
9.557428727298928142e-05
8.058243179626281387e-04
3.617691886531064949e-04
1.674545905508703712e-04
1.722756718480700428e-04
1.449833277114260556e-03
3.591187462668530249e-03
1.629419121117755371e-03
8.542340194285988602e-04
2.137585417523062598e-05
1.678634093397817043e-05
1.448582440159660310e-04
8.129807526635546495e-05
4.258295337753246861e-04
4.483283460757239128e-04
8.224969095979283844e-06
7.736780787398933097e-06
1.372431179502641666e-04
4.431527736194269709e-05
2.986472447605766902e-04
3.113269383521651825e-04
2.179740453737886400e-04
3.656620933991114666e-04
4.911756476676886309e-04
4.210443387745809547e-04
5.872571351954661420e-04
4.297983492489838527e-04
3.985089368706243198e-04
5.092941771304761731e-04
9.970597195590713807e-05
2.897125911486565222e-04
3.848440886374013964e-03
9.696835396774752813e-04
4.021143641957102845e-04
6.281063986193905543e-04
4.154103253936329565e-03
4.952724710931291630e-03
3.190865158268260237e-03
1.280859264945416378e-03
4.152041034877160274e-04
1.089000005083161230e-03
9.742051141094661398e-04
1.788113907037389236e-03
3.477673908342048903e-05
9.315342982780601855e-05
3.634757658653469665e-06
8.969943242367740444e-06
1.279291676755345503e-05
7.374688869015040820e-06
9.704562639913840577e-04
4.452217421124169132e-04
1.600827695094403835e-04
9.211600439375068139e-04
3.352510603218371039e-03
6.713526142650193783e-03
3.494292098545057393e-04
2.600326536331964435e-04
1.908912339984760852e-04
6.347992002400009229e-05
1.987435717217608290e-03
2.426488400516370152e-03
1.940255120185386054e-02
1.189512541206741610e-02
8.666591715513755198e-04
1.990679435499539995e-04
7.647118720352992673e-06
1.764375679748942267e-05
5.364875206188752962e-05
4.868923832605669865e-05
1.766633133845347929e-04
8.077502893523589233e-05
2.273403826537280688e-03
1.921179520447593081e-03
4.872339604000788024e-04
2.346743260661980808e-03
3.442300479668441494e-04
1.998486763199055008e-03
3.466578646641927828e-04
2.424221431792066136e-04
8.626283550763244850e-05
7.092982670078698049e-05
9.188950368668196323e-05
2.741773558909718720e-04
1.683838920809705396e-04
2.955111383446136345e-05
3.973205242366664985e-04
3.389967213093083350e-04
1.309115286400358200e-04
4.259440777405470183e-05
9.763914925363215798e-04
7.599082604668321332e-04
1.255707910931227642e-04
1.476045449342974932e-04
5.758757342592620053e-04
2.447744502096416597e-04
1.503427583080275411e-04
1.727558116938048840e-04
6.099744290702311007e-03
2.434601035752035660e-03
6.126641633857415718e-03
4.585082197659596896e-03
1.851830006334764453e-02
7.588319278811794452e-03
1.759766054827095619e-03
1.613342204178657520e-03
1.658331831112341836e-02
2.820719994198592553e-02
8.120040412675154059e-04
1.612454684370481653e-03
3.612433523017913339e-04
1.112495011732347400e-04
8.219147006203393374e-05
3.031653757851861193e-05
7.431695586315769362e-05
6.759090294234507460e-05
1.103810913347008014e-04
1.973044405586648600e-04
8.232818623017311389e-04
8.698770599995007220e-04
1.076868668921705411e-04
1.206101770125831519e-04
1.186881028545966896e-03
5.317474395375660148e-04
6.017934532264598239e-04
6.098001374999434746e-04
4.331296899013229186e-06
1.149248107210051319e-06
6.660618385436388141e-05
1.507014822694301127e-04
5.434340237443464157e-04
4.765821038533211507e-04
1.819886950579357467e-04
2.117849998367175054e-04
5.313406411679592797e-05
3.852239177163747165e-05
8.366447541986693319e-04
7.048020096770385001e-04
1.869016899632640176e-04
4.200563386748382600e-04
8.662484370122912813e-04
8.599270843503839046e-04
2.416633461322753064e-03
5.263276180733042790e-04
1.083869086872913052e-03
4.967654686977286639e-04
5.473878220885976991e-04
1.296390958229661113e-03
1.048943846597330705e-02
3.236336426575549870e-03
3.956598104386120407e-05
1.639384247675478173e-05
1.473446933033589626e-03
1.189008396763863813e-03
1.092850677380544045e-03
2.435619985905852162e-03
2.942702419572191391e-03
1.594523045617067016e-03
1.673145587117182793e-03
7.895928004270945984e-04
3.842667168367258390e-05
4.680283661361644764e-05
1.170271702738228696e-05
2.079472495805897154e-05
1.253974180949573696e-05
5.551332659091491943e-06
4.966447455949414123e-06
1.264663612924130555e-05
2.365777140384929707e-03
1.000327883289023377e-03
1.042358591709628734e-03
5.881714108487683806e-04
3.682192085565049442e-04
5.738310280191147132e-04
1.250283375511323191e-04
3.918518611248376958e-04
5.745390383723581297e-04
5.291317808737569994e-04
6.721155174177885581e-05
9.452972823128972613e-05
3.400274531621103372e-04
1.554428647265048585e-04
1.138356190006502403e-04
2.031801865582076193e-05
1.391861542388109511e-04
1.806991265074746474e-04
2.434174120071672177e-05
2.532330934185554497e-05
4.372976332026820036e-05
7.002569007591604149e-05
3.899175878936692258e-04
7.451633211089487511e-04
5.298230789458638834e-05
5.775074389018435651e-05
2.865414256946652072e-05
1.086214379035488602e-04
1.898683004703663533e-04
2.426464104122992864e-05
1.030983940888913024e-04
1.075511321520241200e-04
3.446103064534577934e-04
1.757681880675254489e-04
2.054194079876308005e-04
9.028031036049017938e-05
2.871202076307363855e-03
9.540426720195086148e-04
2.277574420541773805e-03
3.933257169527081508e-03
9.421583922865845243e-04
4.538040001057213474e-04
1.670442661228051164e-04
1.110953863686679549e-04
7.930544176859762875e-05
4.095309271059033638e-05
5.566599581742411604e-04
3.069282734528515485e-04
6.230262404407199272e-05
6.639799649503471725e-05
1.744668662613880540e-04
2.893832243573398800e-04
1.517618218858101872e-03
1.612624327904521246e-03
1.852644643038286760e-03
1.059956993257487028e-03
