# mf_rate
2.047939099000834905e-04
7.864588258061241911e-04
4.021522265110798254e-04
5.994233413643434462e-04
6.128451636861795380e-05
8.728007658353135057e-05
4.004755232526047279e-04
2.820715032029246991e-04
3.817952830694533206e-05
4.265785281089525455e-05
2.073139778618352837e-03
4.724837746818763042e-03
2.407031414663257651e-02
8.678851397052185848e-03
1.765018809131829736e-02
8.303834619876802187e-03
2.601336334222595012e-03
3.135811669384926462e-03
5.037553412339329734e-04
2.561362450790746498e-03
1.732652009553810107e-03
2.512810033488127939e-03
8.937242106203323018e-04
1.511131532048292335e-03
2.294100414268868918e-04
2.601838660294263799e-04
1.256979656799654677e-03
1.029046522921422350e-03
8.671530078325137276e-05
3.469798593920913709e-04
9.467383527279096258e-04
1.265367825127161573e-03
4.198177370790660314e-03
2.718515623222176898e-03
4.360415614425499492e-03
3.061481540325560781e-03
7.581637143621634562e-04
6.885165800293423927e-04
2.809341714263015842e-03
2.783743333612182132e-03
1.098495726110077777e-03
5.431063855255041130e-03
6.621680510576791147e-04
1.591269113990302143e-04
5.944181937756867805e-04
1.874100670451956611e-03
2.757600256964608254e-02
8.194222706851571336e-03
9.959179077846257080e-04
5.470005992878980211e-04
3.352908278488961422e-03
8.844644026896935013e-04
3.700612364645573869e-04
4.755609583558647257e-05
6.082574377608116964e-03
2.301358195046478410e-03
1.861305049114651486e-02
2.065638797336671537e-02
7.742560425651653574e-03
1.452812924702220204e-02
2.735328509289756613e-03
7.044020884176131411e-03
3.339087182020006404e-03
5.593240879706599424e-03
2.375171668091094826e-02
3.634270787331696229e-02
4.798838738391329566e-03
9.667463358421210518e-03
1.839382138253339415e-03
6.174796299547878446e-03
1.407873509351429547e-03
1.448406250169061420e-03
1.514473326508371026e-03
2.645384880265147422e-03
5.167977720198696501e-03
3.298638456245445074e-03
2.507414505623417177e-03
7.161517138150959479e-03
5.884203399995286202e-03
7.426921192961647919e-03
5.779587806578675849e-05
2.774310689813125992e-04
1.608534976688822868e-04
2.471245738403197046e-04
1.164846811706920539e-02
1.643489550774931626e-02
1.721010048088518832e-02
1.696830475808295755e-02
2.393964846567786953e-03
2.232460789594979591e-03
5.826292373197209523e-03
9.585203260368421740e-03
2.564413438464155717e-02
1.021583650632037002e-02
2.236254106018274734e-02
1.077127703305037071e-02
3.633648462651178392e-03
5.348534324454122697e-03
2.108719125598080548e-04
9.748045809965806118e-04
3.797491574806189686e-03
9.240814182673934979e-03
1.117912359030524307e-02
1.387400833746130560e-02
1.173835616412408252e-02
2.301703764874039534e-03
2.551972853646130093e-02
1.038720125694381387e-02
3.589315735846926834e-03
1.214278030611101733e-02
2.219905114052562675e-02
1.714470663176275930e-02
4.238191679042026955e-02
4.345837909622536632e-02
9.076296076906775409e-03
9.157184199624588197e-03
2.271986115288028400e-03
1.373855834444626242e-03
1.471635254569226420e-02
1.432769824477351031e-02
1.858875517054672718e-05
1.515091885779885982e-05
2.370312627491729721e-05
5.942017052391787265e-05
2.930121029776717491e-03
6.582076505224567116e-03
1.109344875065591205e-04
8.852340764962496984e-04
7.908005336578022792e-05
1.520834334003622436e-04
9.569888570452886670e-04
8.312005199925579478e-04
1.673698176356008122e-02
3.508287058225479683e-03
3.664388545324512195e-04
1.022254971491558207e-03
1.407506076839654029e-05
1.049434520202574209e-04
4.045513108137241930e-03
2.020046615042599483e-03
6.365845481597676202e-04
3.233514190712744691e-04
1.490622893771218643e-04
2.720821841962099761e-04
1.227903746475904117e-04
1.084586644491181330e-04
1.458419816883308166e-05
1.319971790922146573e-05
5.908245681600996901e-04
5.410864005343219395e-04
7.737086805036919729e-03
1.776048902683174252e-02
3.693387165049126074e-03
2.211836366788804634e-03
1.348979378359228430e-03
1.794458231952852836e-03
2.604561897700378038e-03
4.343829879100483821e-03
1.349345699601832904e-03
1.354245639004478252e-03
6.190592649526517610e-05
1.302016951673691637e-05
1.441437109877506673e-04
2.464238708329358543e-05
6.288751163717982507e-04
3.164884195551447726e-04
2.682946103954050952e-04
1.812770368313566284e-04
1.159806389387834844e-04
1.915045024321063920e-05
1.047324108879918621e-03
5.774128656643834042e-04
2.085030163988098578e-03
8.507264806942116484e-04
7.667665617454463801e-04
9.395338650136132470e-04
1.305207345307213230e-03
3.541108233076269932e-03
8.467367688470251244e-03
3.796048673207108332e-03
1.129725882565836646e-03
1.580672436561394003e-03
8.808509619094628872e-05
3.545564423643473266e-05
3.646506367051829782e-03
1.817125471763934288e-03
8.078266092404359734e-04
4.169519387899350041e-05
2.703674586594049471e-03
1.045912771668479086e-03
1.949611846948855415e-03
1.295273562614688071e-04
1.800352586063862216e-07
1.652390213655528294e-07
2.524818459194049949e-07
8.078782394250420558e-07
1.315005370395903524e-06
7.321197615215680022e-07
5.130889638812415233e-05
2.878340932840292124e-05
1.941955021676303544e-05
8.227871900662997841e-06
1.264415342634244804e-06
3.088620785953141473e-06
2.969180973368857902e-05
2.570376842630208233e-05
2.645584014694445928e-05
5.978850927299591338e-06
4.632769165249598362e-05
3.862793484492703659e-05
2.694806820287619970e-06
4.764011537852944673e-07
2.760674610660220364e-05
2.249542697635422011e-05
1.770289337680170912e-05
1.693948775175459573e-05
6.051263699149843214e-06
2.289941417337670534e-05
3.315364808199885928e-05
7.291253677200794120e-05
1.573610377605020886e-05
5.475921513994911813e-05
3.417175895539818322e-06
2.513008651075426648e-06
5.633970285475129727e-04
9.428485068793032156e-04
2.215224492775055636e-04
1.076120047935698505e-04
1.386035660279046696e-04
8.661453555285794181e-05
2.433399390570537924e-04
2.655347719891273505e-04
7.219036423993431149e-04
1.467048686618693636e-03
1.119074581309099231e-03
8.406621380151450438e-04
2.248655840997499950e-03
1.255750980784013388e-03
1.772334521481913183e-03
4.121609163360479694e-03
2.222581881509378028e-03
9.616792801697891108e-03
2.403376577542641786e-03
5.022656051733669774e-03
2.174405206440423264e-03
3.887892145270736301e-04
1.354129420455755205e-03
4.223400003679816418e-03
5.829123089374078741e-03
2.557890681643234642e-03
1.319391389531755429e-03
1.362252978014510518e-03
1.687700844895420431e-03
3.758255110059750977e-04
1.851057312859213282e-04
8.111277624157614118e-04
