# mf_rate
2.519843306443130885e-05
3.269786856967109718e-05
1.152024704872764974e-04
1.076624220380741119e-04
6.290214988314616587e-05
1.499074594658897190e-04
2.565457581696588404e-04
4.096111315330861185e-04
3.029122236961066849e-04
3.078912214086998293e-04
1.078183681089973347e-04
9.441552842996141942e-05
1.514535420458923550e-03
7.008346259013571158e-04
1.195930151841245953e-03
5.954576794022183777e-04
1.299819726947546447e-04
7.694373501545839430e-05
5.358742342273125530e-04
3.637672107616269301e-04
8.123963112499090104e-06
7.967581612168821671e-06
1.226378875341634707e-04
3.198769684353302721e-04
2.962802564212504465e-04
5.271895103712856629e-04
1.903431471722014665e-03
1.623123422271256560e-03
2.435637310837377096e-04
1.909803482387251519e-03
3.071019507600040370e-04
8.457808888052178705e-05
1.455014062745086170e-03
4.200519000106147077e-04
3.609836008384593856e-05
5.516770127542790073e-05
8.155803334106682631e-05
6.668836864047428909e-05
1.870380836725566836e-05
4.982821853320902176e-06
1.134932603868785145e-04
2.045447968989882028e-04
4.675015643614037285e-06
2.464895916333402661e-06
1.197456427503432646e-04
1.356243789018219607e-04
2.728552216612957796e-04
2.892223334067376057e-04
2.067416075050324293e-05
3.183048698276116245e-05
1.324297867598569894e-05
8.481825759978577797e-06
1.184143099645504544e-04
1.358386093806155173e-04
9.672880101717721559e-05
7.259538278047852975e-05
6.630457729494365442e-05
3.736674655718261802e-05
2.017032097829962213e-05
7.144951982686047090e-05
1.658711694780420041e-04
1.523703485907341657e-04
1.430540564068625957e-04
1.091379586125494833e-04
1.185790693464061140e-05
4.431298834119279389e-05
2.899995586162778613e-05
5.253373117676529285e-05
1.099784624398830545e-04
1.325714105832381730e-04
1.672579678211748473e-03
1.787869395520344648e-03
5.416325796379657794e-04
3.168502347696897222e-04
1.736887269549770309e-04
1.124965933224867515e-04
2.766563178352126118e-05
2.443116231122222941e-05
6.601192414397637166e-04
1.687233042864113794e-04
1.696673819404762841e-07
2.656986710027792211e-07
1.530848599402124365e-07
4.595835385069306498e-07
8.241027417776572884e-05
1.363687534364889722e-04
6.767226875555775118e-05
8.677324232066852645e-05
1.377458447483646665e-05
5.767533795635416303e-06
2.177132717871466155e-05
3.525363744500237094e-05
4.302543130666220149e-05
1.123005302296876800e-05
5.889310739111778471e-06
1.245666352190396776e-05
2.119963943675031679e-06
1.960359063030708069e-06
1.370589602003071955e-07
2.631789767838096100e-07
2.602123432586985275e-06
2.371841132484973815e-06
2.771872922189611200e-06
2.642759209271946781e-06
2.125662704603968939e-05
1.205618152024880975e-05
2.288149631047347931e-05
3.916860494363925781e-05
4.102218733848749842e-07
1.966431573214839797e-07
1.191858673004177783e-05
1.006613356064902782e-05
1.128870028387073958e-06
8.506532522648102411e-07
1.709461253393727015e-07
7.880901028443188527e-07
6.460555946913480664e-06
7.029956298043319068e-07
1.721649770367421585e-06
1.667908685634802495e-06
1.438850921608130801e-07
6.497409269095529428e-08
2.782495915236717061e-06
2.459274737016230901e-06
5.194510213828060127e-07
1.699654438620659482e-07
2.282974469302342931e-06
1.491823892457827777e-06
1.141618714795844969e-03
7.786850687898182318e-04
2.556195442261566058e-04
9.591743951328852080e-04
6.329105523364361198e-04
7.792801602508464803e-04
3.898935727236476435e-05
5.589938019446949555e-05
3.743202261530023927e-04
5.641091679218660036e-04
2.268951829656718985e-05
2.305250744943022599e-05
5.662323601741225509e-05
1.584004410878413292e-04
4.253685885359060964e-05
2.032788818920528340e-04
4.458963298240904444e-05
7.065004291021869580e-05
5.680551018044612658e-06
7.370958506529804989e-06
2.784803770036345250e-05
1.735314970638396557e-05
1.417282109578277029e-05
2.632113209965813438e-05
2.258925732618259467e-04
1.637231429353509240e-04
6.025550173866763679e-06
1.031005290142052974e-05
9.166455879335457099e-04
9.066371297586859604e-04
1.776327024182519773e-04
1.379001207292870185e-04
4.887009794614471627e-05
7.802471790014866735e-05
8.916543460162404790e-06
5.554479007001494027e-05
2.555005993779736620e-04
1.351135184297287174e-04
3.632963008788649264e-05
3.595276974339203644e-05
2.868796112615991668e-05
5.776050261647162508e-05
2.572163382423465716e-05
4.990472415645055891e-05
5.670969660221482230e-06
5.645095827701470085e-06
7.617078672527830611e-08
9.946583745799364255e-08
3.476241338098439298e-06
4.354991160985874281e-06
6.322380377489515344e-05
6.502044381701491550e-05
8.115396559605748494e-05
2.349031611677138086e-05
9.129153240914569828e-06
4.656362486360955298e-05
5.787446804185596578e-05
2.694258766745539585e-05
3.086222624171380282e-06
1.341975988788354695e-06
6.891854415878031169e-05
3.441499014645066942e-05
1.585185853216739376e-05
2.215225488336066450e-05
1.679697885867701759e-08
5.795602404751115070e-08
5.577121481210163307e-07
8.711894729130564638e-07
2.079369544464723784e-06
9.327665249394126875e-07
5.627488478965960938e-08
9.670247629633783246e-08
5.070908078692451147e-08
8.003967335306771012e-08
4.216707504887577148e-07
1.057982703009376694e-07
1.476272599969032831e-08
1.111534166708008138e-08
2.890782675078215970e-10
8.707385377646409874e-11
2.244112436411604429e-07
2.710304130973379839e-07
1.681993454719633869e-07
1.338548733986092770e-07
6.868358340414598310e-07
5.737622347369450558e-07
5.002540284386370669e-07
4.960341676323737850e-07
4.437005471324148160e-07
7.008271053122083934e-07
1.730544230608519668e-07
1.102987068711414433e-07
1.699133955559861774e-07
1.156133687759432215e-07
2.551806471358448714e-07
4.827368275543759415e-08
5.207127774377776522e-06
7.891636746433716509e-06
7.107686126625909924e-07
1.444178329639062780e-07
1.287344314100376757e-06
1.368289110076340730e-06
1.764858333391052060e-07
3.129935732419593451e-07
1.424399761076484696e-06
1.739380064084087842e-06
9.013509040565387658e-06
3.521249242264634651e-06
1.328688037512511467e-07
5.952990950503421488e-08
1.978081542540495096e-08
6.709364662664669861e-09
2.256758696890092106e-06
5.509866207400022416e-07
1.088059284957640958e-06
3.982080453348657067e-06
5.904799589820847644e-06
1.640178893464092115e-05
5.856977173985123807e-05
9.643967042500315421e-05
1.021697979722276464e-05
2.132378070453213508e-05
4.815082977373626492e-06
4.391445209573347275e-07
7.671392960603880262e-05
2.667653759472696104e-05
1.870268906190813675e-05
1.167723246788530943e-05
1.256042943796209987e-03
5.378382412788960693e-04
1.129714117721989904e-03
1.293843582473714260e-03
4.676610948148580662e-05
8.501269091385793726e-05
6.820343887745768856e-05
4.248774234109208177e-05
2.169270880713375341e-05
3.734364089193105565e-05
2.254154577675746018e-05
3.013606270627343600e-05
4.606582950310405660e-06
1.579750135961674026e-05
1.407710612090796685e-06
3.916847788961533644e-06
1.450335085679021181e-05
4.054791633545478367e-06
2.400440236046311290e-06
1.038265561667739349e-06
1.992674289025850396e-06
7.175914866080780171e-07
1.035122961615392566e-04
6.290888850064587474e-05
2.158251655174571633e-03
6.262668482972508005e-04
7.115286179104063358e-04
2.761805009195718286e-04
2.053507741691446204e-04
2.104899897187405126e-04
3.469252315039728822e-04
3.327755016322850789e-04
3.083749463107802102e-04
2.031743673172947478e-04
2.373305229517087172e-04
2.166462068160239951e-04
3.347112070356320475e-05
1.182758776679872151e-05
1.166370220869880668e-03
9.753167644227302450e-04
5.442435289382462841e-05
9.673086598917947880e-06
1.137834944471909998e-04
4.437236701266409662e-05
1.110961673104512954e-04
1.645496110600358226e-04
1.663911951216630759e-04
2.367989773650785502e-04
7.602142746503079722e-04
1.096071449479644588e-03
5.273210357993841837e-05
1.644778554634908211e-04
3.552438453018156184e-05
7.038653769265214863e-05
1.779795523050521207e-05
9.201639164780535418e-05
1.996735567761153288e-05
2.313346887308873829e-05
4.976838092729228162e-05
2.532742513675343801e-05
8.173896430413871909e-05
1.228330950546833707e-04
2.228516425112114828e-04
3.567973224602997333e-04
5.122068482120009300e-04
3.432929996449272524e-04
1.389336613801697804e-04
1.032394630314294339e-04
2.961609432562719289e-04
1.030295222615224866e-04
1.766944670832385140e-04
1.166089534455445268e-04
1.280055549093866074e-04
8.039461318704178145e-05
1.516680036763393287e-04
1.834681523202441448e-04
3.732721060282539799e-05
1.527865814287146604e-04
1.087916323400123112e-04
8.364856887926319109e-05
7.348650954440759473e-04
1.327385251340759014e-04
9.103646827160851492e-05
1.563532839338618538e-04
6.821647786626070182e-04
4.229633870150388271e-04
1.481868699736663424e-04
1.377336972187523411e-04
2.373723545670717447e-05
2.500351807095169718e-04
5.793324435553864736e-05
5.394374662027764895e-05
2.765387286169875662e-05
5.755470929196270679e-05
1.043417012627163355e-05
1.634458304727175293e-05
1.827405822176996443e-07
1.037881459829960600e-06
7.599283246781846801e-06
6.617864383512043976e-06
1.080978062047360729e-06
4.884551737584619965e-06
1.322147076287400712e-06
1.889995195755717022e-06
2.226983650572962526e-06
1.346111802095894241e-06
1.347667016604851430e-06
2.071022962110521094e-06
1.790460759081352188e-08
2.321888665750951495e-08
8.651635532264989630e-07
4.191564235307319955e-07
5.134946627344851429e-05
8.197223785577631493e-05
5.409127831065464748e-05
2.655850830566617264e-05
6.350345225931895531e-06
8.340944071410669883e-06
8.378772968771735618e-05
2.090562356471685522e-04
4.032887021826235108e-06
5.828920605025835666e-06
6.206752196104749089e-05
2.973141541834657992e-05
5.846925835113702497e-05
6.571664754791914094e-05
7.473158668622165808e-05
2.933338924013948650e-04
1.015321996903150577e-05
4.464663981500589165e-06
6.354145295586505469e-06
1.451140641085006263e-05
6.139326047934981190e-06
1.045378613742063124e-05
9.181765190481290954e-06
1.499391977761093584e-05
1.701877059372669578e-05
4.731906556736518890e-05
7.132045894289695753e-06
1.349039765734956363e-05
2.696874052656188489e-05
2.080265570657305500e-05
2.076704590785068551e-06
5.123655609627856372e-06
2.056923890860830090e-04
1.301578801664425990e-04
3.348817758223212432e-05
1.229847652321745290e-04
1.160558389047146119e-05
7.030972932939320325e-06
5.467092024972481496e-06
3.960301026749061016e-06
2.064802177442738530e-04
2.527484443641198953e-04
3.798922707501218134e-04
1.695941153141238532e-04
9.212437489482331590e-05
1.042181450563588353e-04
1.753022356084210344e-05
3.310447717564390122e-05
4.823556985238085076e-07
1.838367575866805510e-06
6.173600953697960259e-06
5.835211926579224750e-06
3.967427936875303886e-05
1.994565434709981129e-04
7.085640570305710084e-05
3.091495108115760524e-05
6.837752655062096473e-03
4.996229641097916542e-03
7.994542980595728521e-05
1.766420815882103026e-04
4.866623445479315371e-03
1.085187862228060955e-02
3.066791754348867794e-03
4.413438918647012189e-03
4.989329793081970351e-04
3.130648489926817087e-04
3.389068234916538767e-03
2.774010737591152582e-03
2.997336516490566402e-05
2.086341032744687244e-05
2.907146755433633568e-05
1.221953593784929118e-04
1.540496227179999518e-02
6.803555269906984108e-03
2.270428146318571525e-03
1.315047365456808006e-03
4.969068050987806087e-03
8.606644215407690049e-03
5.670495928460835347e-03
8.206775523936123140e-03
8.041825859882161065e-08
2.475828409861141056e-08
6.391648581433587454e-08
8.580211882612369495e-08
6.870301049500197172e-05
1.243992670351248061e-04
9.767186217099945030e-05
7.572373075314754785e-05
3.041203802615047205e-05
3.554164160298986416e-05
1.115146347418126859e-05
2.835609571171948554e-05
7.619333485645408048e-06
4.486879978099038842e-05
2.888848858264150795e-06
3.345185515024369392e-06
5.688243877846991278e-05
1.576309420662173194e-04
1.075465851360347621e-04
9.956164321238156830e-05
1.298242166003002050e-04
7.817222198938861884e-05
3.870714238265777368e-04
9.527322734677304197e-04
1.176134109302438633e-05
3.650067432376043094e-05
7.948419027491483452e-04
1.125704128676751920e-03
5.384352725863901603e-06
1.233609833703768083e-05
2.558742601146671815e-06
1.049945043099187684e-06
1.066586104442506574e-04
1.188376457462701503e-04
4.158339237178870123e-04
3.104951745860196196e-04
4.493046115505732905e-05
2.231373989040386411e-04
1.046203992865317467e-04
2.350204635388768073e-04
3.777542135855188751e-05
8.580114417053002064e-05
1.463355071474523570e-04
5.451997215248462268e-05
2.601584444760284909e-04
2.019815035278992022e-04
3.772493601616138227e-05
9.915158306467596776e-05
3.404325205547648167e-04
6.574902372352745515e-04
6.405990151017086718e-04
4.431026082396274067e-04
4.631394289510936649e-04
1.246582566640108843e-04
4.723280670043751876e-04
8.442442188223501761e-04
5.871086369225441966e-05
1.166030546783823407e-04
1.886291570643280956e-05
7.457329307886279306e-05
3.958045309943109468e-04
2.767525655287771374e-04
5.379173073977964060e-04
4.553139775347047626e-04
2.855238765671248844e-07
7.481022189319560811e-08
4.486645007608701438e-06
1.074492687144108562e-06
2.246030362171410238e-06
4.426341830663970271e-06
1.898052084157870340e-06
2.191511854797465972e-06
1.658217917877846467e-05
9.809671228626324637e-06
4.048131200520631274e-05
6.259460509992222609e-05
6.828828977336324395e-05
2.807151840880651295e-05
7.992070051443661278e-05
2.831447389472645281e-04
5.365067111935249727e-05
2.829147258101646171e-05
7.699351895618959858e-05
6.824858579168816149e-05
1.950271402801320960e-05
1.777156433550338843e-06
3.648094223076758184e-04
3.909407550671833054e-04
2.901714116615930353e-04
1.104761072241717792e-04
6.183000766995753333e-05
9.675153567432268466e-05
3.542370019812369418e-05
1.244727383719251086e-04
4.733970290076892299e-05
4.238620727950932244e-05
5.572322563290703357e-03
4.168528454083747503e-03
3.931263616517827295e-04
5.015959190681259366e-04
1.803184221183331193e-03
2.906423722209877398e-03
4.319601087789065250e-03
1.705199969742607954e-03
1.037246243230370465e-04
1.236184779001957973e-04
4.053913412932989152e-04
1.170131030841671917e-03
8.276329136238569709e-03
2.280875229606719838e-03
1.822599263710900390e-03
2.765915737206272348e-04
7.313385213935899749e-04
4.003179013327613257e-04
4.513687701232075070e-04
7.703454048859893983e-04
9.869911466508219516e-03
1.316623997247703265e-02
8.508267358630994606e-04
1.285207310987213211e-03
3.487228277896013695e-03
3.264811172634964759e-03
4.596317271708568451e-04
1.431681765865139722e-03
1.941962390655649741e-03
9.195135181927711942e-04
6.731125904688702120e-04
1.138258216214404085e-03
1.507786408689521265e-05
1.237455397603421639e-04
2.298201951438317225e-04
6.458355030150097304e-04
1.819946802356958238e-03
1.356299512242769732e-03
1.714203633651019106e-03
1.552469621054485731e-03
1.393583750215207368e-06
1.706635672036625186e-06
1.369994504990880722e-06
3.843031441617120579e-06
4.193501856323186817e-06
1.224760131981280273e-06
1.700687143457002151e-06
1.695052874512537331e-06
2.108694567447724118e-05
8.727593591769541533e-05
3.333927412378258614e-05
1.835567352537358882e-05
1.468688029076526061e-05
3.064688437555240883e-05
5.104977429138357842e-05
1.007241259838615774e-05
1.834321984114397047e-03
1.371855797860194095e-03
8.081007833644270012e-04
1.193109694586990711e-03
1.485297231539138129e-03
1.800350132256292764e-03
1.453155260780912301e-03
1.482331218795191960e-03
2.634763284850408677e-05
4.042154788488134843e-05
1.005213128513846049e-04
8.442659835474499135e-05
1.783986103582204153e-05
5.191588294003643254e-05
6.301268808973351963e-05
3.690968054944516883e-05
2.621536010055000284e-04
2.344410229132889425e-04
6.477072371993620103e-04
2.236273700571096896e-04
9.090517196320695051e-05
3.379221435712661035e-05
1.915148980334189892e-03
1.406837447587341514e-03
1.520450206200141448e-04
8.343593383649229524e-05
1.792163921585143341e-05
1.228209606703048041e-05
3.624732091772785094e-04
1.299477504213634223e-03
2.974260164632436184e-05
3.930306547404792910e-05
8.019512063196816015e-05
1.799194238679392385e-04
2.650487447806336153e-06
2.679805436219648746e-06
6.721797190521165580e-05
9.749991427902421619e-05
7.444780902184143598e-04
2.782286154920771658e-04
6.251570389194162109e-05
8.435962540920717968e-05
4.177838070876974499e-05
5.133163110066123934e-05
3.849935528833110245e-05
2.706499699892701697e-05
3.362282692941055766e-05
4.960235761983992057e-05
3.016659352699099865e-05
2.604703102356802899e-05
2.889486249723472290e-05
4.270424630402027332e-05
1.359581573720262228e-05
1.707155983665893038e-05
1.151416226730860570e-05
3.240431644931665795e-05
4.242302921842364027e-06
3.379328802870231553e-06
6.331912305908240980e-07
4.518825920994489467e-07
1.067271401214107324e-06
3.810003797993955530e-06
8.785552419811985145e-08
1.058434862602466309e-07
4.566334402244159657e-06
6.956072611211557542e-06
3.568930374889688788e-05
1.644736688076103156e-05
1.244588231617528959e-05
5.224636841431526910e-06
4.295277027856178336e-06
8.038438863730004366e-06
4.263295272469131012e-06
7.204125649265728168e-06
3.537965386282977886e-06
5.061859186729815178e-06
7.236384630679772121e-06
1.442616979646893201e-05
3.062133880862241375e-06
5.270467682363023134e-06
1.059642989136174914e-05
3.470343286735514859e-06
1.057801221241985816e-06
4.634736386204827312e-06
1.219315617509276361e-06
2.463540372879273266e-06
9.575006225629832781e-07
4.586455652087374525e-06
2.486467811901433254e-04
1.965649231070256981e-04
1.601748037963804361e-04
1.230303062872013776e-04
1.668103069209719922e-04
1.337205994230727154e-04
3.896309016379995811e-04
1.512907067731415007e-04
2.010661858152507686e-05
4.126435997126261300e-05
4.915928277431868216e-07
6.687179275085704064e-07
2.241342654838538194e-05
4.404312369468095430e-05
2.239032687756780995e-05
3.146691518021078903e-05
1.108114058104757384e-04
6.216529137670207526e-05
7.049803151359033645e-05
1.104156867793512766e-04
2.843701787661035061e-05
2.614884869686126128e-06
2.679972405883990997e-04
3.629317677842085373e-04
5.864195123928382392e-05
5.362130123762683017e-05
2.331142261923306462e-06
8.864697691434097825e-06
2.805826976674871207e-05
3.425563390176833970e-05
1.402337924059578639e-06
1.034513978363541983e-06
4.936246079993561589e-05
3.205391371620798052e-05
7.576745402928914915e-05
1.940572140565218590e-04
3.778703705099449757e-05
2.610477466422115006e-05
3.562580908261349328e-05
4.217304567864611163e-05
7.159153782340117028e-05
5.674145293771718309e-05
8.290940057663931145e-05
3.999776678632601339e-05
6.256273562751868109e-06
2.035946796492149635e-06
6.946650911018618034e-06
2.686315725293327369e-05
1.170624199524481605e-05
1.722601213502437378e-05
2.021716599439548164e-05
1.191114621797920187e-05
2.949750782354707419e-05
4.108290551237807635e-05
7.035884191954253877e-05
1.107659054723291153e-04
6.673146457857169729e-08
6.220968444015201978e-08
9.268457361568458298e-06
2.446310419472994187e-06
5.656707536734214726e-06
5.435576207463761422e-06
3.943599431248764236e-06
4.592559902566678065e-06
7.308524543193155548e-05
3.410651001502214643e-05
1.821891068195323590e-05
1.235539131717289897e-05
3.489938041443617905e-06
6.430980677346346716e-06
2.659947680853500355e-06
2.355459014135050000e-06
3.398982627305762041e-05
6.839419528689678588e-06
1.523708889491219681e-05
2.018930684356695591e-05
2.024027279322963051e-06
4.976277854920851478e-06
1.086695896879607557e-06
3.339083091316197507e-06
6.268221445266275059e-04
5.208489156177032635e-04
1.740016149234449442e-04
7.633236394749967147e-04
4.225294237316557671e-04
4.148265292694631383e-04
6.211731243621108705e-05
8.878292770141506859e-05
6.239417002009709434e-05
2.450094828744195453e-05
2.768986920603346892e-04
5.367151922750152456e-04
1.223449738511686038e-04
1.833177767230138487e-04
1.156122304242373524e-04
8.068635530822626089e-05
4.505602123956860229e-04
1.014134319298218376e-04
2.655436637970424269e-04
2.410625084219392914e-04
1.001868703286018367e-04
3.023878848670692558e-04
1.762721382870169784e-04
9.563550020668785295e-05
8.241544109757772919e-04
2.627362615261234703e-04
1.613149436415072403e-04
1.214965866351125882e-04
3.658949525328981695e-04
1.223665785370847215e-03
3.080902735094613598e-03
6.869315847261017391e-04
2.230634472845846302e-04
4.002182789112651053e-04
7.146652569335289933e-04
1.039298891285603179e-03
4.791120527398714873e-05
1.641607455827998995e-04
3.007006617743799150e-04
1.384486954367910260e-04
4.166812315136703940e-04
1.001682266460513209e-03
4.917218421758799869e-03
2.732005361050502019e-03
1.962180859670250676e-04
7.324389072532245561e-05
7.278125920694772030e-04
1.272949473053557046e-04
1.102883697480645537e-03
3.501745449092024212e-04
2.598796205689324736e-04
2.013691744281543910e-04
1.323438659343244251e-04
1.817014477522544498e-04
1.994506677259993532e-04
7.734695291305636550e-05
4.517108593195302705e-04
4.834503473453412520e-04
5.802690202006334941e-04
2.800216042785576200e-04
1.016159030548262798e-04
1.047652904876634686e-04
8.168677319322394104e-05
3.628848929980182952e-05
3.679611505824091411e-05
3.221087181255292026e-05
3.205777386299607198e-05
9.351395871461134460e-05
5.131103118089191268e-06
7.264939894087505044e-06
1.006102401646615012e-04
1.623313708853167767e-04
4.512675882387257834e-04
1.909158156014229848e-04
3.189869793707468797e-04
2.180924945615792150e-04
7.049982248354268385e-07
3.871661211582532331e-07
3.667121151472692001e-06
1.114160721845198176e-05
3.116227560833999418e-04
2.777436774574601930e-04
1.111014254591660455e-04
1.220394551697653651e-04
3.452870669462688980e-04
2.834823215684528492e-04
8.443569335697741034e-05
3.467987242010715028e-04
1.824744940546238253e-06
1.474607824559132843e-06
1.201369026573794019e-06
1.603333657804018261e-06
6.513045710326962500e-06
6.026262571917606118e-06
1.558208255583481259e-05
6.822397739044810216e-06
4.566958306618071911e-07
6.531241856100748468e-07
7.257922479788743015e-07
1.247230524490372334e-07
1.104853623149396166e-05
8.680703748831177549e-06
1.506634256513165454e-06
3.802900922634327518e-06
2.242756507792560420e-05
9.474677858983092738e-06
1.114268685173315435e-05
6.841095353129821357e-06
1.661775991946587525e-05
2.982926355777297246e-05
5.500581335199626078e-05
2.812171857327006711e-05
9.664877484267782662e-05
1.958861745130882669e-04
7.492664953220827258e-05
1.666235427781240892e-04
5.586850020475620219e-06
6.929886157302724493e-06
8.199971339336761236e-05
4.422780353557382172e-05
5.481179712644630459e-04
4.605437307890466255e-04
6.998578803477029304e-05
1.072373967672359316e-04
2.539071034613628970e-04
2.897823305739717723e-04
5.502895825299470526e-04
3.818758948854566971e-04
2.300105279311969429e-05
5.013460268887330010e-05
3.208796005998065847e-04
2.992962249044301510e-04
2.774850095311200376e-04
6.907977919113235919e-05
8.193376082539445592e-05
3.316745294538925217e-04
5.285866576490559242e-04
9.749676875698774488e-05
8.423590219521406700e-05
6.338275577135787714e-04
6.927116461760470661e-04
9.045283932215032480e-04
2.575576867594405492e-04
1.440008481033704677e-04
1.541654411632930157e-03
1.430169795982438831e-03
3.604347998578568180e-06
5.070932588952586028e-06
7.862235572168633189e-04
1.010284535202610710e-03
1.820827296194670042e-03
4.970918423269516176e-03
5.150968910681857742e-03
7.144265118717012253e-03
5.586076530458349704e-03
2.482418451951805966e-03
1.851014902222459504e-03
8.380165709690004863e-03
2.776067691025672132e-03
9.999600441210200301e-04
2.530449257733074795e-05
1.084842866901409469e-04
3.514125892322493669e-05
2.243020288388597144e-05
9.871141686892312666e-05
3.067523310685082538e-04
3.523540480630379056e-04
1.192317602528611913e-04
1.483831539140961005e-04
1.622435212779648969e-04
1.997247580326064664e-04
1.869371178754849832e-04
2.980499540935498712e-04
7.491447264471417350e-05
6.712775481331690252e-04
5.997972782637493944e-04
4.295037312672546196e-04
3.407782063824652311e-04
2.765912565786783292e-05
7.676904157713774202e-06
3.875970117272521404e-03
4.107889637124897096e-03
1.712152308717072293e-03
1.430370201869722363e-03
2.227771329897686100e-05
5.817593969908965072e-05
3.526089466628899737e-04
3.659866638805544278e-04
4.297752684016884861e-04
9.345746633209622584e-04
3.060759845309542253e-05
7.530170746315174412e-05
2.206202351560880887e-05
2.768651075860524593e-05
1.068670500612921429e-05
3.440736904891807086e-05
2.227412481396614613e-05
1.798222837089275130e-05
1.499341090597831750e-05
2.923491177470374374e-05
6.558613792926174836e-04
4.861274822135824218e-04
3.862288301631544357e-04
3.513246596479474571e-04
1.251568009681503857e-04
7.086904796371730974e-05
2.424796232432741352e-04
3.328443987266396504e-04
1.255448695850611336e-05
3.187133255803380492e-05
9.602728104597966157e-06
3.174453436203197193e-05
7.813596638049099020e-06
4.471123683878088454e-06
5.554869492771669713e-06
9.740737591277772028e-06
3.485977855211744162e-05
2.528494500478910959e-05
5.541873793769692231e-04
2.819194187370499668e-04
2.185911604804187757e-06
6.480150080902509781e-06
8.723342059611495508e-07
1.166673684700764360e-06
1.392939458785493368e-04
3.333855191859855520e-04
1.106714170633420983e-03
2.851598025761756553e-04
6.929981843697962122e-05
2.473508983731043912e-04
3.590377981872100492e-06
2.785899752337848652e-06
4.006039015862126150e-03
1.811223368590608165e-03
7.204665011467903087e-04
1.848396554978753254e-03
2.144266924151187954e-04
1.858927644929565446e-04
6.325730583657098783e-05
5.962005625358311262e-05
2.524994158256002401e-04
1.126037511410922298e-04
9.333788961698092940e-05
1.431510765359378238e-04
2.943957007149667525e-05
5.828520922587355997e-05
2.327563799929063210e-05
3.727981109388981275e-05
1.141321160126473623e-04
6.230966570333489366e-05
5.110753649103932792e-05
5.563600853749721398e-05
6.239065095507081592e-05
4.248244141099318623e-04
4.020159739941431840e-04
4.573899734083079999e-04
4.663194415757916439e-04
7.416124884797962178e-04
2.425300345109531743e-04
6.964487626749075056e-04
1.500405766467136082e-04
1.830564661306335666e-04
3.082299381948911668e-04
2.193899423899698623e-04
5.114611653820360157e-05
3.109405145484035201e-05
1.322726259632085234e-04
1.344609498527127973e-04
7.925944931253321724e-03
1.542434907192247531e-02
2.906337990493540642e-03
9.727072200533565249e-03
1.036561571269465840e-03
4.227725343646164904e-04
2.099865801874517437e-04
4.104811374801321257e-04
1.164738120882578267e-03
8.756279350412260031e-04
5.947691650952906120e-04
1.951560246450543970e-03
1.619693441240726965e-04
1.546335002176171054e-04
5.558039671575753447e-05
8.963657571004060099e-05
9.441771340092929357e-03
3.480115952016583393e-03
2.170353739010572221e-03
6.336680497631818482e-03
2.561444645679082101e-04
2.971348797482362331e-04
4.999943532212344039e-04
6.850369336989053340e-05
2.326066559914395833e-04
6.372067579156575051e-04
8.767850839925793731e-05
9.893397672135464320e-05
3.218963415423125619e-05
2.729178427577874343e-05
3.208374637602912148e-05
1.818878777359335657e-05
1.095036008643108334e-04
1.023462905246534194e-04
6.307667795676173803e-05
1.542701043104055265e-05
1.899747618292231132e-04
2.190170920990993503e-04
4.755763769753254284e-04
6.288389699954977140e-04
4.987752533235365396e-04
5.500243885131128260e-04
9.981581451249355811e-04
1.117927135882652682e-03
7.314573935750385810e-04
2.919443856180369413e-04
5.594915184795346425e-05
2.289371538688491877e-04
1.069968162210273614e-04
7.199216942973637903e-05
1.132300311708933524e-04
1.669418281623221258e-04
4.829246745511776373e-05
1.591008387172277133e-04
9.563988073842403159e-04
1.141959212276095256e-03
3.981661277584115253e-04
6.208829252837284440e-04
1.292076034009990862e-03
4.637069120090356561e-04
8.701214770969252661e-05
1.502790026037225106e-04
1.689676327461171496e-04
2.225980641568164008e-04
2.234713904380157285e-04
2.100296118615000286e-04
4.566694893990538764e-04
4.676686294519275065e-04
2.196572439615151074e-03
1.254182102563373763e-03
1.825413727341574353e-04
1.577811671509757991e-04
3.362501093568782441e-03
9.802257157139357500e-04
2.321919675229156530e-04
3.034342303433678017e-04
3.278353526034509698e-03
3.259051951935400086e-03
1.780230445616817368e-03
9.039601899020173817e-03
1.185138168820450968e-03
8.101074218962986189e-04
1.536276924601838933e-03
5.927588070963399347e-03
1.323713096038391889e-05
1.362423091086338792e-05
2.843540762935482225e-05
3.445042774856821169e-05
4.185370082025207153e-05
1.384401395568230266e-05
2.912632965642979651e-06
3.295537337144569740e-06
2.978941125967084168e-05
8.786692363609265309e-06
1.878006492957064454e-05
9.449968738743925363e-06
1.887313701514059381e-05
6.489167998620354029e-06
1.510415820845599749e-04
1.783309214979196118e-05
8.587977671415157957e-04
3.301842641521507502e-04
1.344107717593053322e-03
1.945638763801412060e-03
2.362540759733962803e-04
9.617888276043575369e-05
1.499397383980398716e-04
8.435502215753930017e-05
1.227497604699062444e-05
1.891441132840069076e-05
9.770611212848365868e-06
2.857610193869887494e-05
2.318427915471859852e-04
1.083048490348721102e-04
5.961466465464227175e-04
1.781149389115801258e-04
1.150021025723453057e-04
1.399729334906595079e-04
6.740802797772139767e-06
1.415210299062098149e-05
2.997241353028224929e-05
2.404879995617014042e-05
1.713721379459102133e-05
1.222189940179871785e-05
1.111039198337843251e-06
1.579973677550332582e-06
2.241769481587664017e-05
3.630398240723181879e-06
1.500431433084569658e-04
6.786254733887648759e-05
3.615240628013233491e-05
2.482740450591587239e-05
4.108095393770957758e-06
1.314892339986551465e-05
1.549588291821836787e-05
1.259254638512990367e-05
1.577261730992686705e-05
1.042369210930510032e-05
1.017064005926025789e-05
1.547349880017964642e-05
2.574779504152107466e-05
1.576263992165608964e-05
1.055242242129121404e-05
2.321155342960051605e-05
3.525353645868468358e-04
4.922976620947046978e-05
4.971911070059933848e-04
5.487496989921253170e-04
3.739204181856957323e-04
6.363228471979972319e-04
2.520494506009990170e-04
2.574066445628807797e-04
6.347540489068597509e-04
1.330510620703299928e-04
1.032703798334996250e-03
1.092248984151072142e-03
8.813117776950084813e-05
9.445063128999165477e-05
9.153313207181426454e-07
1.097397738881710729e-05
8.283812141826068767e-07
4.295415858525947448e-06
3.837559562658961206e-07
2.671566209224633348e-07
7.984737466847581966e-05
5.411462456412839916e-05
8.868160348707712770e-06
3.349791779840684210e-05
1.103992288492071415e-03
5.115476110297886153e-04
2.722974566808861532e-04
8.548887679636572303e-04
2.405310540669060272e-04
1.983050442604553738e-04
1.023608877017865735e-03
2.955522164906434243e-04
1.707683481056227663e-04
3.100512408324028924e-04
4.707614868274366949e-04
3.625800198499483872e-04
2.433362409284256907e-05
2.341266446302958670e-05
1.177710983072014308e-04
4.940068798692286503e-05
4.058834636826550702e-06
2.965439436980474441e-06
3.822531278487477027e-05
2.628893825597681486e-05
8.862333073379643402e-06
2.903561289197719963e-05
2.810025266035313474e-05
3.561585452443507551e-05
6.379852751934358573e-06
7.663562116545351993e-06
1.981873464709219327e-06
9.163619382419144331e-07
4.989325310363048677e-05
6.700451793285423579e-05
3.338262496392712352e-04
2.678523429359450049e-04
3.503188033124670720e-04
5.402792075575276517e-04
3.081295930968938938e-04
1.405747327135662794e-04
1.799208777006755869e-03
8.658317942260672492e-04
2.618523719431388366e-03
3.173813421457830596e-03
3.577227085830391286e-04
1.645186950073442911e-04
2.013856304932215568e-02
5.723826517400125782e-03
8.896575829548962391e-04
6.317624003650186039e-04
3.588067027801430768e-03
3.062322108537321626e-03
3.592935484836113432e-04
1.032540854701485345e-04
5.307585523394744943e-04
3.487036126607986788e-04
7.534448999954316412e-03
2.130161407030834158e-03
4.228231181094320250e-04
4.832040106330788803e-04
1.877408375675930800e-03
2.861148623411773582e-03
6.464296979238236956e-03
5.277390952612271910e-03
1.708052785344384221e-05
4.573044764039102018e-05
9.229283880325372309e-06
7.449208359799545859e-06
2.522288721789039262e-04
1.121824681931886229e-04
2.726576209641697616e-05
2.034464841683524677e-05
5.334239477913748620e-05
5.715249361323889040e-05
3.566526044078068843e-05
1.995668401126838874e-05
1.564127997800569256e-05
2.405604885602199229e-05
3.447567776729772068e-05
1.425394612822808613e-05
2.485041225037567364e-04
5.717323158569213816e-04
1.132666446431922300e-04
5.165807668230936611e-05
1.095654059723186272e-04
5.115853642658953898e-04
1.149342328645811548e-03
4.203668163647137647e-04
6.619429114110441824e-04
9.877332221577956022e-04
1.210839790406606714e-03
1.076112679062432098e-03
4.189569046005603707e-05
1.769243058365909044e-04
1.380766873607550897e-04
5.595810759563163179e-05
3.560649958074287697e-04
5.840241863244273945e-04
1.949225598001447799e-03
3.725154621419525264e-03
1.474587108017029208e-03
3.469300501496828254e-03
1.722145683667175835e-03
1.399547339208005118e-03
8.916251559939534881e-04
2.370631435103709352e-04
3.308960584165920367e-06
3.444096854815239995e-06
4.220390299961678107e-05
3.341279810045962630e-05
1.562880599373381654e-04
1.170236162993290016e-04
4.673499214347221808e-06
1.922550453516809287e-06
6.002081889203230461e-07
7.358751685229136102e-07
3.142233229881674140e-08
3.681970641481244287e-07
5.866010956801661724e-05
5.284535547431723143e-05
1.823972209982122539e-06
1.522074351138271806e-06
4.087069531571868916e-07
3.919817036858171118e-06
7.931105775053965798e-06
5.474541104427161130e-06
5.589908194086000438e-06
7.348437815618502907e-06
3.156076712319781579e-07
6.434131320991855941e-07
4.753056075516149137e-06
3.776003773626786552e-06
9.111559150394477198e-07
1.151367969209040807e-06
4.532008473758861590e-06
1.231821563335729959e-06
7.640172555637963827e-06
5.570800266911040686e-06
4.703777938874678390e-06
4.267036609345631900e-06
6.221658699935683918e-07
2.460415247362044773e-07
2.161477393450972222e-06
2.618723563445187435e-06
4.869984866607194416e-07
3.043777116235595414e-07
3.647447649370913354e-08
3.086946009323089461e-07
1.583387861745924462e-10
1.079670738141021504e-10
4.539575605104859223e-10
1.083745993420423296e-09
4.162826282387534646e-07
2.448373875605657807e-07
3.907454362977494345e-07
1.020172072579400296e-06
2.943377703844754179e-06
1.243377485117577480e-06
1.530627717807582248e-06
1.004631087576462555e-06
6.081748248922284457e-06
2.011677227028105467e-05
1.039792105822479741e-05
6.995031301763855885e-06
1.511360034069824651e-06
1.914784068159367645e-06
1.811714910949675803e-06
4.961831672695611606e-06
2.682888094034122278e-06
2.110528211447033823e-06
4.173031718454465123e-06
1.708060572682693435e-06
1.380425294394310787e-05
6.021924947758348458e-06
1.016552096811968973e-06
1.482747820154277568e-06
5.927591684385932711e-08
2.907453537168533111e-07
2.161668963009092611e-08
3.718128169753409784e-09
2.007280175559254428e-08
2.660593511957704996e-08
6.098382106311714763e-08
1.913713292373875505e-07
4.251634203257563464e-08
9.221578520190336347e-08
7.528285855853044592e-09
2.065635665279543224e-08
4.629301821229043237e-07
5.375612765057748876e-07
2.107900158489027973e-07
4.713771298089308553e-07
9.644190679636819835e-09
6.132338227698095028e-09
1.176439676351241939e-07
2.133987566507166296e-07
1.369790458606238851e-07
1.775825952558954786e-07
2.847847708169735527e-08
1.396287048499576998e-08
1.134904474519228214e-07
2.551300428610078286e-08
1.224981793215877418e-08
1.291593593319711121e-08
4.030346354242244426e-07
5.125093783603709036e-07
3.365823981083211843e-08
4.764136932352299483e-08
5.891730777960467501e-04
1.500387593250736241e-03
2.964103513813192130e-04
9.802880673565035705e-04
1.333586916210566557e-04
3.734450358644024579e-04
1.288703020462959436e-03
2.466618392676702201e-03
3.898777515769801297e-04
5.263567251305334860e-04
9.318522529959390535e-05
6.736754185636912109e-05
1.197993288028714513e-05
3.084743733723983893e-05
6.483299252014371433e-05
4.870388316062285086e-05
7.987029608498632811e-05
4.550286940127770105e-05
7.669948411169190167e-05
2.704346553173746917e-05
3.347819181687301386e-05
3.700454926841252530e-05
3.990436974166416842e-05
3.293481486203454463e-05
4.843401799681205430e-06
7.062917543203923995e-07
4.183115102794920687e-05
3.232220858806814774e-06
2.068574421583539470e-06
2.330734372767148572e-06
1.070406240487699052e-06
2.105797986107394377e-06
4.905193954766043970e-04
7.196229162925242258e-04
3.601390734909924550e-05
3.754711837503672004e-05
5.990685560378450309e-05
6.383492052258876314e-05
1.018707472407362323e-04
5.099035594815447384e-05
8.004302162419944496e-04
1.653108499957719460e-03
2.639472716009510708e-03
2.186705996647603581e-03
1.225523242143921514e-04
8.649249808109948012e-04
2.132032910250563739e-04
1.688642661863629243e-04
1.788437387204998459e-03
1.262983624951851628e-03
8.411601935277507130e-05
2.128396231632703479e-04
1.817149202372300015e-03
6.910806295299986093e-04
3.674231854758581647e-04
1.417697185228039601e-03
1.859567704921219391e-03
1.427822496010212536e-03
3.720592411831011564e-04
1.614474220576766128e-03
2.798248570891368608e-03
1.512497778448259646e-03
6.298542439537107955e-03
1.836167909294789298e-03
7.597330821706246731e-06
4.605357269901428437e-06
5.568892636963749984e-06
2.019198986991911583e-06
2.268379713167044802e-06
1.833540890088660836e-06
1.677772010557938703e-07
2.721397359292743327e-07
2.214231589679692737e-06
8.684127778856460603e-06
7.450919618182372449e-07
1.045198930125194750e-06
6.890784937417464471e-07
4.514920147175621895e-07
1.707509692645193853e-06
1.094435207272391584e-06
6.462942004414777087e-04
2.391154585213249974e-04
1.555492909639975005e-03
1.093624138488029493e-03
1.269280795969752801e-03
1.413758734144023119e-03
1.144387017042166905e-03
3.037030186988159898e-04
3.799312947049734426e-04
8.587926572183428309e-04
1.396854208645700868e-03
1.288881075769407209e-03
2.880279000555821469e-04
5.912248921376986798e-04
1.822100461531815478e-03
4.071577999897134544e-03
2.428473498036739456e-03
1.550291293201446060e-03
1.350932295912172197e-02
1.371436921443822468e-03
1.292072235431892526e-03
7.576174858542194124e-04
2.767476344329685475e-04
6.483564902826278618e-04
3.799159661678416788e-03
5.763836270235602171e-04
7.323284180510836313e-04
1.329046331168620265e-03
3.131231840872277135e-03
1.835377916943105011e-03
1.853064390323614545e-04
2.007121001354587615e-04
2.788302683678181657e-03
1.986691471169200075e-03
3.076032402833403056e-04
7.391597860499045033e-04
6.868573669128633791e-03
2.904649925420558360e-03
3.473287205285613844e-03
3.678344160558916914e-03
1.038373171307895943e-04
9.554678686668489744e-05
1.949406994343611508e-04
1.171971366109347189e-04
7.549918675312645945e-04
1.346112011170810590e-03
4.107720843534373245e-05
1.402123052427309583e-04
2.822834155813313387e-05
1.160884144648018756e-05
8.574156168785266701e-06
2.154871512009609911e-05
2.554952240038224414e-04
7.087171898991935764e-04
2.077990038821032643e-04
3.674091849703969419e-05
1.213247740969648899e-03
3.639043986655545251e-04
6.957549423811545909e-04
1.801868010927623696e-04
3.047508268202155391e-05
3.967352902809940818e-05
8.184653745227069195e-05
8.060578168930282352e-05
2.805000316223187377e-05
4.815791678446599015e-05
1.935399375344172790e-05
3.914165550893393086e-06
5.301875240944016639e-04
4.157571587069352321e-04
4.240187930440234270e-04
6.900985036976581190e-04
9.008158869525678832e-05
5.751653365253798822e-05
1.165200626835079093e-04
7.462996472227192307e-05
4.601290470722052225e-04
2.737693941188898005e-04
2.582809788813861598e-04
1.882530291250275188e-04
1.993445988355303517e-04
5.872951931190073245e-05
1.115866547115128808e-04
1.012618503554719827e-04
3.427992549905648912e-06
7.849507457069548422e-06
7.008746651846335424e-05
3.559335935449197384e-05
1.730212729318653499e-05
6.157067025941293332e-06
1.025083976691910085e-05
3.847904703371026529e-06
4.795664274717954920e-05
4.912789437667362509e-05
9.533260647680107244e-06
2.842265187989838541e-05
1.232089161435617770e-05
1.090746491369684242e-05
4.830028134681259401e-06
3.581474008887821060e-06
1.730783108244632665e-05
2.694111066696203780e-06
9.088745893504493291e-07
5.650543241976766198e-06
8.026705511680110635e-06
4.207723105819769314e-06
3.564920994351078303e-06
5.717063680018568058e-06
1.394871416531690466e-06
5.083702058453948436e-06
1.537422033069890357e-07
3.130987745665215399e-07
7.720844944641812183e-05
1.752564402590863933e-04
3.811404589530243206e-05
3.501253437633302875e-05
4.675326961451041462e-06
1.655632885849756119e-05
2.726088823070681698e-03
1.756222550152177061e-03
1.765374425347250044e-04
2.917054611505265241e-04
4.208186032562045336e-04
3.164890543085720556e-04
1.130294599489330712e-04
4.640055323110616576e-05
3.814391961446689391e-04
1.428353033455670191e-04
1.186947496213674579e-03
2.758535811612592998e-03
5.563207912326784566e-04
8.857370007451439032e-04
1.078265751821359418e-03
6.267360710602319423e-04
5.263294185106071055e-03
4.067923756460098753e-03
5.440555706950563107e-04
1.853166752080374435e-04
4.529825171880313278e-04
2.768576797937871616e-04
3.213527907195807935e-03
3.365570534055179440e-03
2.802521895895851520e-03
1.667618391746023259e-03
9.453236222985210991e-08
3.285773196645873548e-08
2.287573366673759252e-07
2.746328131465641274e-07
2.035196232734515529e-06
1.235185564327755574e-06
2.748458652520261152e-07
3.025636871116591238e-07
2.010768438135770432e-06
2.815873150923876855e-06
6.830893161300128518e-06
3.451728301287015404e-06
2.676173908804808887e-06
2.229802248450765441e-06
2.848302120293054988e-05
2.494815721037666015e-05
1.191064045639341460e-04
1.150712740882141305e-04
1.681844501855133398e-05
3.192827009367511023e-05
2.755781134814711512e-05
7.044719413072749630e-05
4.704325945704977468e-05
4.818602915348916844e-05
4.441638944718608468e-05
2.616407192150076337e-05
9.994317734680375088e-04
1.560992044621560331e-03
3.215976916115477178e-06
4.035086192524852544e-06
1.925864540307210134e-06
1.207159400904238123e-06
1.328688985205721165e-04
2.031052168606085461e-04
2.026406667525151222e-04
1.330159039591051332e-04
1.699296161188590349e-03
1.136200545612365371e-03
5.593849671146356719e-04
1.667865915697631853e-04
9.270607851670987414e-05
3.362970742947905031e-05
2.794072068676556094e-06
5.297983673032619550e-06
7.713484394718904668e-06
8.088394326665126154e-06
2.198542600324588012e-05
2.335443581718927309e-05
2.245911576765851047e-05
7.483298885979734120e-05
5.165109487528662680e-05
3.665900364801038348e-05
2.664083534702828162e-04
2.525032101713500549e-04
1.040557282392600954e-03
4.373471032412203541e-04
1.308864934688162233e-03
5.252215653336441336e-04
3.221273390187007137e-04
2.231460495404696755e-04
5.757028220495644277e-06
1.853463844590796001e-06
3.540777911088208388e-06
3.172013916930532136e-06
4.011876592250394717e-04
4.430960566518388471e-04
4.205316203897348400e-04
2.861063424758861391e-04
2.423915052630417233e-04
3.264680555177268146e-04
2.043897600018837381e-03
4.890728738700931590e-04
4.860974109466111200e-03
3.860982979216523621e-03
1.108397451270127853e-04
3.284353389667855438e-04
3.254864892274208295e-04
6.211663805200963711e-04
2.444289194458839319e-03
5.969886260959131677e-03
1.122078285307352762e-04
1.519069796347458470e-04
2.906574482938179852e-06
1.222295121003012171e-06
4.528633264470692505e-05
2.850246704628313994e-04
1.046167815355610151e-04
3.859549728516497685e-05
3.700679412356742189e-04
9.783285962436411454e-04
1.512744504639826999e-04
3.644035735505782476e-04
4.209600479004878379e-04
2.804913110372396468e-04
1.073345008121652077e-03
8.518860375160378518e-04
2.707286763877673292e-04
2.695100045203324994e-04
1.978814520357403939e-04
2.267325146709607401e-04
4.414690303170686808e-06
5.409279294690689818e-06
3.846465749905206843e-06
2.423693028058736962e-06
3.197394104928499177e-06
1.748432076167447525e-05
7.308131067578539279e-06
5.555879248904004948e-06
1.001860840308463234e-05
1.539004725027935921e-05
9.623143659934712364e-05
6.846243018011856016e-05
1.055173842149549358e-04
8.281288425388817580e-05
2.340998044125805960e-05
4.272405764088728168e-05
4.983922780283756666e-04
3.417055946925864440e-04
1.663392001830080766e-04
8.343645887162297195e-04
1.175568075599906066e-05
1.632859240976682118e-05
5.623937774019598302e-05
2.601420245773389202e-05
3.204008161471784400e-05
4.013165535996855612e-05
3.122444558092180071e-05
1.763341744451074708e-05
1.375970928418507615e-04
8.049284727618354052e-05
5.122885564788391425e-06
1.083362857229087092e-05
4.934407426221830998e-05
8.340802469115990870e-05
6.887905912426110090e-06
3.930159405022607918e-05
2.227323424267479553e-06
1.029876037115436276e-06
2.270951233219161082e-08
8.369405262279003862e-08
2.614459932401059811e-05
2.831444779971144899e-05
9.566619620938252084e-06
6.307534342140061579e-06
4.985411843340451622e-05
1.254989426147168146e-04
1.985475254597014004e-05
1.082751023539956973e-04
1.032019733992647837e-05
1.378383735074569925e-05
3.555640767903468536e-05
2.594393969854930565e-05
2.768127145835400755e-08
2.835709494048340293e-08
2.222865294642852464e-05
3.491130835542535934e-05
1.390910444126687876e-05
1.371926046544636618e-05
6.518708793225225695e-05
3.954394049780382255e-04
4.239792794113324068e-06
3.069085111872686467e-06
4.007418338107831721e-06
9.766120128419554621e-07
4.245452034258373545e-05
4.841601888608362033e-05
2.831889453153529665e-05
1.689603850302257558e-04
3.166494157707854050e-05
3.562507124336288547e-05
5.916549348085099080e-05
1.954401031603511643e-05
1.297565997054157480e-04
1.373486794601840261e-04
2.214988251516381110e-04
1.496884218029456606e-04
1.232320173723356954e-04
2.360056551352464685e-04
2.932429550649167283e-04
1.453238980965299964e-04
3.169899690006871412e-06
2.730067105859663818e-06
7.700883898145540661e-07
7.331034972764830945e-07
9.266720526030123735e-06
3.161970830519287766e-06
3.540870412113344615e-05
1.735412512853860717e-05
4.308410150567185318e-07
3.632414706488266138e-06
4.519276131516981477e-06
2.480449928662740028e-06
4.895327163623142911e-04
2.103696346839521952e-04
7.358983538071866941e-04
7.226400124110061215e-04
2.541269189735642208e-03
1.681800953467006471e-04
2.642152964887165977e-04
1.739519001492373092e-04
2.352796565492348575e-03
4.741075086660400187e-03
4.703878204532355774e-04
3.509348666564111440e-04
2.223912735437711362e-05
3.829764001272273452e-04
1.446038842526353556e-03
6.857535730058444794e-04
2.328450600898669109e-05
1.120500260350916439e-04
8.705584024699852450e-05
7.257586087657926714e-05
5.214959047244911185e-05
1.223557118633459293e-04
4.558239796065145615e-04
4.682702162221620426e-04
1.825465328510703523e-04
1.847925943898665654e-04
6.596993218287795823e-04
1.609561012937326578e-03
4.980749964764966294e-05
1.201786431343388182e-05
2.650040620653782808e-05
3.022312258541788924e-05
1.147655537801877287e-05
1.204803335675598365e-05
3.451394846900473107e-05
8.793059677173059721e-06
4.718475617770493151e-04
2.941300210824627928e-04
6.174326885084199888e-04
5.506259166286363912e-04
2.124237047276914545e-04
1.025870057178350720e-03
3.251087943000432242e-04
2.369350046526913121e-04
2.070805585841654483e-03
1.227048683613032399e-03
2.620787416013846925e-04
3.618886136858687663e-04
1.028056040521456671e-05
9.735822316042594833e-06
5.993488136558587350e-06
7.724658160072109372e-06
7.287247188502354520e-05
1.079829501713204529e-05
2.926340458727988902e-04
2.894461095320892971e-04
1.244760546118344643e-06
6.638093492672988561e-06
7.598731382984212368e-07
1.618282678980079995e-07
2.138868211437533555e-06
3.493823110767679075e-07
1.033216339730202531e-06
3.253369097404314318e-06
1.878183557321418126e-05
3.545930938764255385e-05
1.532481795176744299e-06
1.980729286447690880e-06
1.159365619378541328e-06
8.770906254996420957e-07
2.415770949172249431e-06
3.338659807186252699e-06
5.461302632264515616e-06
7.401697112310381152e-06
8.435848431137299604e-05
7.743832639983379632e-05
9.344979292747997165e-06
4.890496592503967176e-06
1.947197635822953246e-06
8.375072743660790085e-07
6.629226937911415686e-05
4.373872487649717213e-05
6.294385331001453674e-05
5.387476902083132839e-05
3.025649157690764817e-05
4.122235862513859108e-05
5.762043130948980586e-05
3.770081820479370070e-05
1.107545101870901493e-05
9.171287714256777908e-06
2.542865440268215346e-05
6.311000952016662105e-05
8.926098043133968009e-05
1.060541701178424183e-04
5.327852713874651965e-05
5.417626032141074698e-05
1.229980059615356852e-04
9.957336216892224024e-04
3.410678863627724912e-05
1.599606357944712091e-05
4.040252187821646753e-05
1.484763912688476805e-05
8.007602107927381133e-06
5.334067305853071718e-05
5.011081993080390403e-04
4.027218734672191082e-04
8.818582877347618107e-04
4.368989503939469895e-04
1.302622314484807361e-04
1.088342210121211259e-05
9.998958556131072410e-05
6.043830956862506745e-05
1.121556686961558778e-05
3.876164315937702409e-06
7.363171918557435836e-06
3.154434329496231013e-06
6.041937291338839329e-05
4.980230226823163916e-05
1.653243376958760146e-05
2.692783520339937586e-05
7.320285037935881647e-05
1.695693103953229179e-04
1.730275475227077773e-05
8.458564499805838209e-06
2.392280970629917253e-04
1.207607001431870681e-04
2.865100257869237704e-05
9.418581084519230678e-05
1.870783140301624696e-03
2.096626412228463909e-03
2.586662199731816145e-03
5.295215689553290153e-03
2.552325959729660147e-03
6.381621048154861040e-04
3.068487277130378058e-03
5.253285087429369199e-03
4.852228711126546261e-07
4.106660540890370972e-06
9.583987857507877092e-07
5.958048727174609072e-07
5.087765499471728252e-04
4.840363969096510050e-04
4.996319668889391942e-04
3.762396462067910943e-04
1.326487038462080363e-04
1.784511614283355049e-04
2.867041095113890365e-04
2.083299278928192654e-04
4.325287879968658412e-04
1.146492421159001161e-04
3.058662654344381816e-03
1.542878896408142290e-03
1.507137747088122676e-03
4.089942718518561546e-03
3.660154461047885298e-03
1.353378914884776794e-03
3.513944739864179653e-03
2.497143255622630547e-03
7.724402152615988427e-03
1.084656783339029047e-02
2.157164891066785939e-03
1.501515368080049003e-03
2.472651281148094903e-04
1.157640760418403520e-03
3.370019060943332118e-03
1.165077220900511383e-04
2.406371527973211188e-03
5.239737638517677487e-03
8.379618778939665834e-05
8.514693316705149889e-05
1.528672208724420794e-04
9.959311495499741866e-05
1.047618547517240256e-04
1.037562788727089565e-04
2.406508091166797282e-06
2.673161424500830167e-06
8.939830057610492937e-04
8.151005383888297465e-05
5.845374901561139298e-04
5.682678980269180316e-04
1.370422225680756247e-03
1.769760900911854663e-03
5.066356200870071223e-05
5.696698653085237378e-05
4.779742483852855803e-04
3.872844834099711244e-04
2.354570822983381370e-03
6.721819505615058039e-04
2.046608517988982977e-04
2.670030541753516283e-04
4.050139474564846531e-05
6.774807458396827813e-06
7.703506685080665529e-04
3.952801689081168464e-04
6.392512225659843826e-04
2.380583565702082318e-03
1.323908736137963192e-04
4.415806685850995258e-05
9.116332613274650838e-05
1.431592383906720464e-04
5.979245839095774582e-05
1.990456170203292418e-04
4.266510056224198525e-04
3.373217484684351434e-04
2.928998498078678019e-05
5.752831660216570350e-05
8.707119137081022404e-05
3.334851781904812467e-05
9.096483611581391909e-04
2.713661188953464445e-03
3.078513714182009274e-04
3.374879526379634983e-04
7.755955796040446808e-04
2.412427294154610203e-04
6.730684571571688107e-05
1.601218132375228627e-04
3.667775217731325554e-04
6.803457387970915978e-04
1.513775742365794028e-03
3.242147542573508277e-04
9.709957025288504652e-05
1.760954280526642646e-05
9.090281153101069064e-05
2.177124277268597142e-04
